0.355320, -0.210788, -0.340283, 0.375783, 0.163211, 0.124278, -0.003771, -0.101021, -0.269738, -0.041768, 0.100040
0.121660, 1.629206, 0.153681, 0.567021, -0.210783, -1.063825, -0.529549, 0.524201, -0.836448, -0.180325, -0.488389
0.342702, 0.428108, 0.515945, 0.271161, -0.432111, 0.159768, -0.001454, -0.052453, 0.357284, 0.193403, 0.068424
0.876723, 0.218335, -0.104123, 3.587003, 0.243743, -0.392877, 1.057884, -0.142736, -1.883124, -0.355521, 0.167710
0.152866, 0.101394, 0.714420, -0.032607, -0.501445, 0.006633, -0.134438, -0.275589, -0.591006, 0.523462, 0.273615
-0.146602, -0.466753, -0.056895, 0.198725, -0.032044, -0.283749, -0.338194, 0.171233, 0.072841, -0.719332, -0.184703
-0.315995, -0.399027, 0.021406, -0.172115, -0.247437, 0.031116, -0.189529, -0.279708, -0.379490, 0.029062, 0.268980
-0.598919, -0.119871, -0.325534, 1.678203, -0.263923, 0.784665, 2.079037, -1.746041, -0.284963, -3.023722, 1.741448
-0.047389, 0.398419, 0.063737, -0.040402, -0.127618, 0.790229, -0.131257, 0.028201, -0.433389, 0.005785, -0.015854
1.190845, 0.344668, 1.152615, -0.648792, 0.552739, 0.239772, -0.752432, -0.155729, -0.131174, 0.288551, 0.144124
-0.296967, -0.275546, 0.040430, -0.200242, -0.327511, 0.230347, -0.169800, 0.047864, -0.547523, 0.034886, -0.048192
-1.129573, 0.215814, -0.033348, 0.576220, 0.194626, -0.783382, 0.177730, 0.018304, -0.098674, -0.325546, -0.030579
0.062130, 0.103613, 0.141445, 0.045271, 0.082473, 0.382145, -0.077213, -0.076740, -0.109227, -0.040700, 0.078830
-1.782825, 1.595581, -0.254921, -0.227587, -0.538644, -1.440528, -0.284712, -1.174545, 0.380906, 0.102096, 1.157477
-0.128751, 0.008511, -0.252784, 0.258218, -0.005410, -0.064476, -0.200368, 0.146201, 0.018889, 0.121043, -0.144632
0.873563, 3.153913, -0.353642, 0.115903, 1.004019, 2.157460, -0.583185, 0.467048, -1.815600, 0.002487, -0.401951
-0.174062, -0.124198, -0.178712, -0.013583, -0.044720, 0.051756, -0.003116, -0.128296, -0.197003, 0.031442, 0.125037
-0.303950, 0.324254, -0.664476, 1.226688, 0.523951, 0.214243, 0.328849, -0.200117, 12.416367, 1.322690, 0.218624
-0.383608, 0.079075, 0.063913, 0.491693, -0.222028, -0.243509, 0.761181, -0.025082, 0.849094, 0.193198, 0.025071
-2.165808, -1.147892, -0.501209, -2.023353, 0.234563, -0.306862, -0.130631, -2.509400, -0.948458, 0.077875, 2.356703
-0.124378, -0.074951, -0.189793, -0.062767, -0.004931, 0.144774, -0.148231, -0.073716, 0.091709, 0.129835, 0.071234
-0.153097, -0.312459, -2.444647, 2.745480, -3.686676, 1.126593, -0.171690, -0.613547, -0.183964, 1.339011, 0.614723
-0.215688, 0.011091, -0.067325, -0.171951, 0.035286, 0.213986, -0.001582, -0.099208, -0.162734, 0.266935, 0.097047
-0.465803, -3.237840, 0.507825, 0.604070, -2.251094, -5.271719, 6.020666, 0.751973, 0.820590, 0.483470, -0.752527
0.277133, -0.259383, -0.320381, -0.234432, -0.114755, -0.057273, 0.162968, 0.146896, 0.122733, -0.399152, -0.143377
-0.040619, -0.363883, -0.300607, -0.127635, -0.521152, -0.178422, 0.406300, 0.149715, -0.630587, 0.244400, -0.155094
0.481732, -0.891705, -0.624721, 0.437283, 1.048094, -1.414116, 0.701086, -0.280865, -0.451683, -0.469606, 0.270979
-0.399865, 0.649045, -0.296312, 0.151579, -0.911944, 0.077820, -0.963986, 1.082594, -0.053477, -10.474293, -1.042203
0.353941, -0.335205, -0.104910, 0.156481, 0.215387, -0.584880, 0.148121, -0.202596, -0.142299, 0.127049, 0.193703
-0.439493, 0.687937, 0.323596, -0.368192, 0.339208, -0.076382, 10.614683, 0.843508, -0.035621, -0.102504, -0.780672
0.151621, 0.197436, 0.239717, -0.081717, 0.172187, 0.183595, 0.025406, -0.060826, 0.260244, 0.089269, 0.064087
-0.418501, -0.644011, -1.295130, 1.512936, -0.023982, -0.447148, -0.370794, 0.760315, -4.877762, 0.749320, -0.791374
-0.074200, -0.078494, 0.168882, -0.074748, 0.018212, 0.280057, -0.012459, -0.040139, -0.237117, 0.080490, 0.039296
-1.307149, -1.859108, -0.326971, -0.107723, -0.006765, 0.816804, -1.492911, -1.041906, -2.224864, 0.656083, 0.992000
1.164759, 0.631762, 0.120816, 0.175447, -0.581802, -0.438574, 1.029288, -1.126781, -0.366108, 0.063354, 1.129382
2.965470, 0.150466, -0.772355, 0.615820, 2.127311, 0.645675, 1.031800, -0.157406, -0.414344, 0.897043, 0.158321
-0.076930, 0.032567, -0.017260, 0.020770, 0.003924, 0.124868, -0.132075, 0.076957, 0.030495, -0.016752, -0.073839
5.121932, 1.040195, 0.858405, -3.414647, -1.540795, 0.673543, -0.683114, -1.604765, 0.906967, 0.475268, 1.630631
-0.126872, -0.089816, -0.027795, 0.075529, -0.017796, 0.086624, -0.143291, -0.051010, -0.139726, -0.053193, 0.050543
-0.807813, 1.281119, 0.164709, 0.131554, -1.149157, 1.649376, -0.430520, 0.568799, -0.818718, 0.553324, -0.553959
-0.127942, -0.220487, -0.209720, 0.101656, 0.098317, -0.137129, 0.004699, -0.299328, -0.285294, -0.011330, 0.290887
-1.778571, -0.779766, 0.100888, -0.525944, -0.351124, -3.024111, -1.496209, 0.358219, 0.156830, -0.076980, -0.361987
-0.540108, -0.364284, -0.415271, -0.070923, 0.550190, 0.270922, 1.092141, -0.389036, -0.274846, 0.498048, 0.369094
-0.146017, -0.682712, -0.099484, -0.778082, 2.002035, 0.463220, -0.303776, 3.931081, -0.477292, 0.463972, -3.849262
-0.118652, -0.020809, 0.175019, -0.257879, -0.051379, 0.270950, -0.197940, -0.006508, -0.202642, 0.150157, 0.006397
-4.984868, 0.407579, -3.255720, -0.573867, -0.878255, 0.895346, -0.233222, -0.511603, 0.793696, -2.642679, 0.488774
-0.085556, -0.041372, 0.053182, -0.083568, -0.028901, 0.148854, -0.133162, 0.007499, 0.022550, 0.078104, -0.006352
0.593809, 0.873346, 0.922349, 0.742043, 0.053802, 1.485009, -0.393889, -0.557191, -0.618313, 0.116590, 0.568728
-0.105781, -0.079691, -0.157754, 0.149805, -0.055030, 0.143190, -0.038197, 0.050344, -0.108588, -0.091359, -0.047716
-0.042775, 3.132710, -0.619387, 0.648025, 0.002489, 0.854666, -0.469833, 0.937209, 0.145236, 2.321966, -0.877751
-0.399837, -0.413451, -0.084753, 1.370838, 0.507330, -0.039263, -0.576861, 0.038828, -0.131702, -0.083654, -0.049301
-0.154867, -0.224278, 0.248688, 3.537288, -7.754835, -1.036211, -0.659459, 0.491197, -0.340501, -3.495117, -0.447272
-0.087905, -0.141880, 0.841593, -0.371744, 0.389062, 0.119729, 0.609167, -0.549583, -0.218738, 0.463887, 0.547597
-0.275433, 0.072345, 2.298536, 0.784526, -0.330125, -0.550594, -1.280025, -0.276257, 1.673789, 0.330826, 0.263176
-0.211298, 0.034180, 0.100782, -0.113903, -0.070993, 0.100078, -0.107047, 0.111806, -0.092277, 0.057586, -0.106592
2.544316, 1.201656, -1.292928, 1.823779, 5.276491, -0.331060, -1.662018, 0.694680, 0.612256, -0.369013, -0.670360
0.631152, -0.583361, -0.718022, -0.380373, -1.109659, 0.133406, -0.764179, 0.807598, -0.726882, 0.391451, -0.804621
0.059957, -0.267142, -0.778857, -11.980155, -0.868397, 0.601110, 0.352246, 0.449877, -0.297004, 0.038515, -0.445794
-0.059268, -0.025264, -0.040784, 0.170490, -0.003248, 0.106319, -0.107358, 0.050333, -0.095990, -0.111225, -0.048731
0.563833, 1.386444, 0.110384, 3.443079, -0.048536, 0.618276, -2.933822, 0.053386, 1.418801, 2.019557, -0.036026
-0.045346, -0.083813, -0.066683, 0.168482, 0.016481, 0.053973, -0.109384, -0.024384, -0.113850, -0.122360, 0.026036
-0.023055, 2.785695, -0.187663, -0.019053, -0.212331, 0.612008, -0.035914, 0.182806, -0.569901, 3.231745, -0.155002
-0.187334, -0.202085, -0.140257, 0.159961, -0.029101, 0.019611, -0.196472, -0.177804, -0.364070, -0.067341, 0.173929
1.129357, -1.372883, 0.468865, -0.444339, 0.391883, -0.582471, -2.253260, 2.190352, 4.058092, -0.614600, -2.162969
-0.525830, 0.415681, -0.709994, -0.109053, 0.398720, -0.477259, -0.105292, -0.202470, -0.204822, -0.220188, 0.195780
-0.913927, 0.933882, -0.919827, -0.024436, -0.270357, -0.111914, 0.317295, 0.416059, -1.100204, 0.674980, -0.400077
-0.256088, -0.207146, -0.487083, -0.133056, -0.111857, 0.169598, -0.557317, 0.473126, 0.201222, -0.000992, -0.464426
1.647049, 1.097244, -1.490477, -0.308195, -6.235147, -0.645048, 0.238812, 0.210404, -0.063794, -0.388743, -0.188447
-0.925683, 1.096490, 0.040953, 1.062172, -0.141092, -0.331457, 0.208665, -0.621051, -0.183793, -0.973482, 0.627147
-0.924117, -1.154901, -0.976118, 0.484649, -1.293994, -0.413386, -0.742155, 0.930648, -0.266261, 0.262148, -0.940723
-0.024243, -0.254616, -0.157116, 0.365612, 0.037631, -0.218160, -0.020395, -0.087927, -0.404444, -0.081903, 0.083067
0.166995, 11.308336, 0.023646, 0.172513, -1.240289, 0.050366, -0.070767, -0.760807, -0.436411, -0.323982, 0.895793
-0.070228, -0.254354, -0.091963, 0.018649, -0.060146, -0.244334, -0.175931, -0.201453, -0.329501, 0.009354, 0.195087
2.126575, -0.359156, 0.291830, -0.040202, -0.196597, -0.042082, -1.117770, -0.350122, 0.450165, -0.426892, 0.347754
-0.071982, -0.363214, -0.288305, 0.347443, -0.036647, -0.191822, -0.207333, -0.179402, -0.201530, -0.187793, 0.172317
0.603807, -0.093861, 0.537070, -2.276004, -5.986678, 0.423317, 0.212247, 0.743017, -0.154904, 0.015825, -0.674498
-0.048858, -0.195629, -0.197610, 0.183406, 0.091945, -0.157598, -0.038825, -0.118056, -0.141594, -0.092166, 0.114957
1.263406, -1.451913, -0.163265, -0.185039, -1.287033, -0.794607, -1.401749, 0.371910, 2.971214, -1.871095, -0.332146
-0.149796, -1.257652, 0.309130, -0.338284, 0.204364, -0.239345, -0.690592, -0.541853, -1.521792, -0.024737, 0.514018
0.935464, -5.439440, 1.222655, 0.613685, -2.336241, 3.216166, -2.106829, 0.186728, -0.209191, -0.385962, -0.226865
0.207895, 0.011220, 0.832879, 0.312378, 1.994726, 0.797781, 0.475952, 0.276985, -1.235187, 0.269130, -0.266611
-0.323306, -1.028906, -1.509942, 0.451432, -0.720964, -0.042830, 0.061861, 1.441301, -0.242224, -0.421462, -1.439271
-0.078262, -0.208198, -0.150014, 0.083498, 0.048022, -0.255322, 0.026092, -0.373967, -0.281299, 0.011854, 0.363893
0.665749, -0.079342, 0.367483, -0.033807, 0.344575, 0.899398, 1.626324, -0.122651, -0.153989, 0.268631, 0.134800
0.099858, -0.039634, 0.253642, 0.454792, 0.350592, -0.303964, -0.088670, -0.281504, 0.340967, -0.519157, 0.276749
0.315054, -0.245896, -0.027438, 0.700346, 1.532827, 0.906860, 0.936127, 0.350803, 1.145568, 0.375157, -0.347515
0.203202, -0.235580, -0.170168, 0.050740, -0.185232, 0.227845, 0.088901, -0.046960, -0.027150, -0.262981, 0.045806
0.116938, 1.138180, 0.946926, 0.563261, 0.479293, 1.159434, 0.155412, 0.061690, 0.530500, -0.225203, -0.049652
-0.315244, -0.062735, -0.148771, 0.067899, -0.352632, 0.040759, -0.220196, -0.199047, -0.258034, -0.102897, 0.187481
-0.331243, 0.237848, -0.548443, 0.719386, 0.023966, 0.194880, 0.425459, -0.358061, -0.160149, -0.554511, 0.339771
0.033484, -0.013450, -0.135739, 0.069361, -0.021573, -0.121746, 0.003862, 0.122794, -0.439030, -0.060496, -0.120280
1.206289, -0.140304, 0.184345, 0.483487, -0.368105, -0.003107, -0.235506, 0.124689, 0.054160, -0.133829, -0.113804
-0.173484, 0.457294, -0.409537, 0.303706, 0.945362, 0.044978, -0.917254, -0.089079, 0.754626, 0.010650, 0.083207
0.031314, 0.118369, 0.839642, -0.113299, 0.896841, 0.273864, 0.829937, 0.395695, -0.322821, -0.056387, -0.359314
-0.285402, -0.231934, 0.607388, 0.077655, 0.721972, -0.163528, 0.360586, -0.496619, -0.351209, -0.166713, 0.490848
-0.774987, -0.648081, -1.262102, 0.813845, -1.026429, -0.859383, -0.173698, 0.188404, 1.611920, 0.697389, -0.211310
-0.015305, -0.075039, 0.053192, -0.063491, 0.020025, 0.042981, -0.135832, -0.219999, -0.007481, 0.082146, 0.216655
0.000533, 0.010334, 0.073380, 0.050400, -0.102897, 0.172430, -0.117070, -0.255954, 0.086111, 0.182213, 0.253957
0.820714, 1.082626, 2.915836, 0.598106, 1.733983, 1.355965, 0.568298, -0.681917, -0.062750, -4.019570, 0.694653
-0.355157, -0.042686, -0.042630, 0.046154, -0.033511, -0.124364, -0.142493, -0.023528, 0.066101, 0.077028, 0.020318
-1.671374, -0.616797, 2.723221, 0.757551, 1.659125, -0.161962, -0.567353, -2.949403, -1.097963, -0.144260, 2.819744
-0.061840, -0.170230, -0.002746, 0.048945, -0.035068, 0.178895, -0.175836, -0.048808, -0.050958, -0.026550, 0.047264
-0.378624, 0.665753, -0.592337, -0.426416, -0.247414, 0.321190, 0.845295, -0.300489, 0.470544, -0.451707, 0.306259
-0.047925, -0.536195, -0.242862, 0.153835, -0.033515, 0.266153, -0.262825, -0.454178, 0.216074, 0.059166, 0.434837
0.145388, -0.848464, -0.044953, 1.071921, 1.991035, 0.559916, 0.199670, 0.637629, 0.461349, 2.904765, -0.644284
0.251445, -0.020557, 0.454633, -0.256158, 0.198214, -0.588132, 0.345910, -0.266439, 0.495546, 0.712681, 0.259031
-0.907890, 0.696549, -0.624549, -0.674350, -0.013910, 0.154918, -0.311151, 0.516470, -0.328802, 2.276521, -0.504353
0.062243, -0.112819, 0.020111, 0.013700, -0.111572, 0.051970, -0.152821, -0.008280, -0.103643, -0.041119, 0.006346
-1.221710, -0.410526, -0.332353, -0.450044, 0.824600, -3.303538, -0.314834, -0.110047, -0.331699, 1.579662, 0.077349
0.516464, -0.885173, -1.068182, -0.410154, -0.217062, 0.091122, 0.093535, -0.687260, 0.015149, -0.480669, 0.650632
0.148619, 0.757946, 0.014889, 0.483280, 1.664598, -0.720163, 1.307012, -0.792513, 0.692116, 0.046708, 0.791202
-0.000554, 0.251946, 0.191733, -0.003864, 0.133357, 0.059042, -0.045145, -0.071922, 0.114592, 0.007584, 0.078203
-1.144357, 0.364166, 0.030517, 0.260098, 1.045333, -0.212608, -0.032261, -0.518037, 0.518722, 2.595145, 0.493439
0.050290, 0.284829, 0.252049, 0.165124, 0.142433, 0.372482, -0.001202, -0.043281, 0.327847, 0.220619, 0.052474
-0.987140, 0.057483, -0.051411, 0.610790, 1.070482, 0.428794, -1.528041, -0.399927, -0.257785, -0.301834, 0.379049
0.316326, -0.174849, 0.392140, -0.208100, 0.164484, 0.051445, 0.003500, 0.106128, -0.001813, -0.235093, -0.104852
-0.076501, 0.392283, -0.700186, -0.410961, -0.098056, 0.425936, -0.753343, 0.673915, -0.190911, 0.607881, -0.669793
0.188688, -0.064424, -0.185440, 0.193452, 0.052870, 0.115733, -0.219659, -0.071457, -0.069030, -0.177832, 0.068231
-0.341569, 0.080383, -0.094448, -0.376054, -0.588112, -0.008632, 0.086947, 0.651135, -0.984677, 1.482050, -0.641864
-0.079060, 0.017547, -0.120405, 0.161634, -0.003116, -0.039689, -0.001483, -0.076679, 0.250801, 0.089541, 0.077736
-0.173949, 0.382036, -0.317658, -0.395394, -0.128132, -0.628444, -0.429268, 0.346044, -0.611686, 0.153431, -0.352300
0.025481, 0.464720, -0.728182, 1.068086, 0.643983, -0.047949, 0.686829, -1.415859, -1.080030, -1.034116, 1.394160
-0.561281, -1.500510, -0.053094, 0.056263, -0.072987, -2.167068, -1.771388, 0.442416, 0.327961, 0.557437, -0.501012
-0.019096, -0.116395, -0.185349, -0.508156, 0.499051, 0.279078, 0.086158, -0.015440, -0.167070, -0.161252, 0.011585
0.777370, -0.570285, -0.201909, 1.082156, -0.405908, -0.162638, 1.890229, 0.263107, -1.838193, 1.991576, -0.256025
0.326651, 0.039462, -0.093815, -0.635295, -0.772170, 0.775606, -0.541909, 0.315968, -0.462456, 0.649695, -0.305401
0.224777, -0.078237, 0.122948, -0.457856, 0.591045, -0.321312, 0.246469, -0.091737, -0.296345, 0.823918, 0.095329
-0.101202, -0.115237, -0.093302, 0.033836, -0.073506, 0.172552, -0.119922, 0.047731, -0.067469, -0.032728, -0.046312
1.011913, 0.883033, -2.289624, 1.708847, 0.259938, -0.168026, 1.287527, -0.175541, -1.437798, 0.515238, 0.201578
-0.074268, 0.015387, -0.002793, 0.103229, 0.044527, 0.097349, -0.042033, 0.004382, -0.023223, 0.025733, -0.002490
0.060270, -0.712864, -1.223353, 0.369076, 0.064323, -0.790346, 0.579148, -0.035755, -0.544974, -0.341671, 0.037513
-0.092383, -0.330780, 0.075308, 0.288295, -0.068681, 0.625749, 0.266413, -0.344884, 0.115579, 0.387114, 0.328348
-0.091716, -0.151009, -2.052186, -0.224919, 0.779255, -0.485713, -0.664112, -0.935025, 0.546205, 2.078897, 0.918730
-0.472818, 0.047188, -0.099318, -0.206544, -0.106427, -0.339396, -0.054341, 0.070845, -0.092999, -0.061714, -0.074481
-1.619837, -0.199688, -2.088129, 0.115456, 0.460343, -0.517196, -0.969254, -0.325266, 0.366093, 0.567626, 0.301671
-0.049943, 0.152838, 0.371933, -0.219064, 0.176074, 0.019529, 0.163902, -0.115662, -0.044614, 0.309136, 0.118500
-1.106311, 0.251819, -1.448214, -2.260261, -0.911902, -3.406583, -1.064737, 0.168357, -0.586172, -0.128712, -0.202175
-0.695346, -0.149094, 0.036141, -0.323093, 0.071877, -0.452401, -0.337641, 0.031661, -0.690998, 0.233404, -0.043444
-0.527153, -0.453847, 0.234255, -0.545610, 0.188385, -0.218434, -0.299469, 0.486437, -0.614129, -0.480615, -0.493231
-0.032913, -0.160284, -0.762497, -0.225705, 0.868984, 0.937901, -0.587740, 0.244113, 0.210105, 0.348374, -0.254116
3.360889, 0.574821, 0.861211, -0.146883, 0.004090, -0.365259, -0.310593, -0.551710, -0.416018, -0.029128, 0.577033
-0.034010, 0.049504, 0.093900, 0.050487, 0.030326, 0.122521, -0.112949, 0.011308, 0.034472, 0.060593, -0.008937
-0.260851, 0.843372, -0.113817, -1.427657, -0.460755, 0.604206, 0.952991, -1.631669, -0.289181, 1.273689, 1.602023
0.315022, -0.076122, -0.002654, 0.044415, -0.128215, 0.073736, 0.024238, -0.121653, 0.198731, -0.141643, 0.112197
-0.072487, -0.065936, -0.010359, -0.242339, -0.013432, -0.109982, -0.053942, 0.155058, -0.233617, -0.034517, -0.157248
0.000727, -0.001423, 0.323613, -0.283417, 0.319036, -0.094082, 0.186271, 0.211806, -0.352505, -0.156678, -0.210150
-0.840168, 0.452503, 0.470534, -1.422214, 0.461207, -0.355716, -0.361017, 0.797516, -0.886812, -0.503969, -0.789887
-0.144295, 0.036189, -0.064373, 0.118918, -0.013900, 0.103614, 0.034168, -0.052963, -0.064449, 0.023069, 0.053606
0.562246, 0.144557, 0.655646, 0.254040, 0.307250, -0.488942, 0.084393, -0.909008, -0.346061, -0.325939, 0.893847
-0.139411, 0.089581, -0.002380, 0.201036, 0.123379, 0.076452, 0.029400, -0.072861, -0.027506, -0.024520, 0.074337
-1.310556, -0.070472, 0.102499, -0.035561, 0.441514, -0.385026, 0.096404, 1.020325, 0.311067, 0.514958, -1.014620
-0.294462, -0.163889, 0.129150, 0.135173, -0.002805, -0.079180, -0.284801, 0.081823, -0.076221, -0.179894, -0.085651
0.182017, -0.268114, -0.012374, -0.191705, 0.040640, -0.199996, -0.077899, 0.021526, -0.107696, -0.328390, -0.031107
0.011305, 0.133786, 0.089304, 0.368284, -0.055963, 0.215834, 0.058942, -0.059369, 0.124672, 0.302841, 0.062754
0.328711, -0.487836, 0.184210, -0.057349, 0.006256, 0.249284, -0.036425, 0.150922, -0.073829, -0.266392, -0.157627
-0.236859, -0.025201, 0.092237, -0.036842, 0.168928, -0.059466, -0.084193, -0.063318, -0.059242, -0.022946, 0.059972
0.140126, -0.289906, 0.098772, -0.126086, 0.039672, -0.087486, -0.267631, 0.170225, 0.021515, -0.358497, -0.179286
-0.228497, -0.166697, -0.457949, 0.265303, 0.451856, 0.285934, 0.225256, 0.233649, 0.048897, -0.115541, -0.236749
-0.042300, -0.244479, 0.407713, -0.226913, -0.262472, -0.066932, 0.026186, 0.108847, -0.285392, -0.302921, -0.115877
0.393102, -0.154165, -0.062965, 0.227974, -0.104220, 0.601808, 0.308962, -0.256518, 0.209535, 0.037324, 0.250841
0.193548, -0.227706, 0.170209, -0.173442, 0.138761, -0.071168, -0.064652, 0.217542, 0.097600, -0.286229, -0.222804
-0.145536, 0.135130, -0.006100, 0.107070, 0.047835, -0.188033, -0.089393, 0.122002, 0.140589, 0.066532, -0.119567
7.846795, 1.743084, -0.350689, -0.241792, 0.161937, -0.140697, 0.393233, 0.880108, -3.363712, 0.222914, -0.813537
0.158092, -0.112287, -0.268956, 0.032916, 0.056658, 0.593230, -0.081247, -0.117773, 0.064088, -0.060302, 0.114265
0.715299, 1.391440, 4.123103, 0.314890, -0.152608, -5.211945, 0.995827, 0.054030, 1.190349, -0.250426, 0.001288
0.413161, -0.179844, -0.067925, -0.042464, -0.091214, -0.072430, 0.172791, -0.225664, -0.608299, -0.148561, 0.223693
-0.611526, -0.869235, 0.539357, -0.675050, 0.166411, -1.574425, -6.452756, -0.033802, 0.450470, -1.430648, 0.012658
-0.337903, 0.197323, 1.086532, -1.592202, 1.168611, -0.148403, -0.666869, -0.495408, -1.480210, 1.304144, 0.473550
0.042934, 0.224522, -0.325174, -0.794768, -0.661128, 0.411021, 0.375759, 0.154119, 0.704116, -0.662778, -0.145000
0.047626, 0.200170, -0.075618, 0.150367, -0.228416, -0.313892, -0.366098, -0.506983, -0.207276, -0.392893, 0.499541
-0.830325, -0.505298, -0.497231, 0.991958, 0.844401, -0.432180, 0.526874, 7.636884, -2.693527, -0.692496, -7.445064
0.320625, 0.696870, 0.225428, 0.020372, 0.443632, -0.016149, -0.446439, 0.362452, 0.146479, 0.285259, -0.339319
0.827587, 0.179942, -2.664496, 0.959995, 0.902432, 0.101613, 3.836533, -2.353687, -0.317317, -1.457200, 2.316321
0.042910, -0.344665, -0.201266, -0.230102, -0.307120, 0.525474, -0.201069, 0.455615, 0.448781, 0.209146, -0.442852
1.324885, 0.329096, -0.920512, -1.896248, -0.184113, 0.214937, -0.469178, -0.606713, 1.587648, -0.037210, 0.612455
-0.312137, 0.425328, -0.060669, 0.034973, 0.484204, -0.006874, -0.007230, 0.023498, 0.113964, 0.021377, -0.017093
-1.665869, -4.313874, -0.050408, 0.847424, 0.806622, -0.093130, -1.882251, -3.931942, -1.998390, 0.701871, 3.725281
0.067168, -0.034460, 0.551577, -0.359029, -0.316986, 0.145263, -0.307185, 0.162898, -0.227324, 0.122214, -0.154118
0.434037, 0.055322, -0.007370, 0.398457, 0.308378, 0.075874, -0.357604, 0.228148, 0.439056, 0.080983, -0.227970
0.208489, -0.167270, -0.143322, -0.449419, -0.284210, 0.175662, -0.066861, 0.194506, -0.016993, -0.118722, -0.189883
0.731904, 0.977270, -0.204434, -0.080449, 0.274844, -2.424340, -0.787050, -0.683590, -0.639709, -0.035394, 0.689391
-0.674266, 0.178913, -0.497011, -0.234674, 0.023012, -0.291601, -0.288483, 0.204129, -0.273950, -0.153152, -0.203126
-5.108930, 3.397816, 2.479620, -0.526312, -0.000405, 0.148813, 2.593365, 1.401725, 0.439792, -0.005678, -1.307318
-0.387320, -0.161034, -0.552525, 0.051045, -0.230914, 0.110416, -0.239853, -0.034041, -0.094328, -0.007621, 0.028175
0.121791, -3.265158, -0.239097, 0.189468, 6.202741, -0.705705, -0.215761, 0.942733, 0.212144, 0.868912, -1.052153
0.126189, -0.207058, -0.027633, -0.107021, -0.002978, 0.076298, 0.061713, -0.293219, -0.312539, -0.048213, 0.286136
-0.376701, -0.222376, 0.435349, 0.752942, -6.045103, 0.424411, -0.111466, -0.216771, 0.476392, 7.802324, 0.191498
-0.539801, 1.660919, 2.720929, -0.261066, 0.494385, -0.277006, -0.225721, 1.131612, 1.306275, 1.449601, -1.068793
1.419047, -4.523054, 0.386090, -0.622885, -0.054648, 1.233779, 5.098740, -0.473585, -0.441475, -0.046185, 0.432678
0.025691, -0.287208, -1.866248, -0.925471, 0.638438, 0.987108, -1.134167, 1.164358, -0.464744, 0.206431, -1.161975
-2.052361, -1.107861, -3.521029, -1.318256, -0.534742, -0.360338, -0.115548, 1.211942, -0.014934, -3.025355, -1.227370
0.563550, 0.928026, 0.238715, -0.075236, -0.091346, -0.569434, 0.029700, -0.065669, 0.040541, -0.287759, 0.081927
-1.193910, -1.005950, 0.423422, -0.741072, 0.043718, 0.306207, 0.565813, 0.224517, 0.298268, 0.180658, -0.238027
-0.098937, 0.245318, -0.574140, 0.156222, -0.467952, 0.079898, -0.691191, 0.028879, -0.310483, -0.180862, -0.029025
8.703772, -1.679397, -0.860799, -0.552906, -0.781698, -0.602346, -0.365274, 1.291337, 1.694331, -0.335296, -1.257219
-0.561907, 0.149395, 0.103930, 0.048443, 0.409791, 0.019288, -0.383717, 0.156076, 0.095516, 0.672994, -0.151372
0.884735, 1.615371, 0.232283, 0.240220, -0.656604, -1.264747, -0.688142, 0.385076, 0.488601, -0.127554, -0.378869
-0.132422, -0.183130, -0.459468, 0.113324, -0.332454, -0.450806, 0.053134, -0.240419, 0.803176, -0.095631, 0.232273
1.771925, -0.508618, -1.076319, 0.614746, 2.130535, 0.703305, 1.097891, -1.873859, 3.160532, -1.026328, 1.814131
-0.365719, -0.030395, -0.056096, 0.018336, -0.061191, -0.057215, -0.543263, 0.296570, 0.423271, -0.123287, -0.294550
-0.910215, 1.565837, 0.947200, -0.170226, 1.010125, 1.480333, -0.514609, -1.338356, 1.139867, -2.890788, 1.360415
0.201038, -0.197044, 0.059668, 0.124445, -0.451394, 0.029087, -0.171470, -0.098732, -0.181106, -0.244619, 0.097246
0.301937, -0.483529, 0.735632, 0.935539, -0.799264, 0.647115, 1.014255, 0.177265, 1.358098, -2.977652, -0.136188
0.081496, 0.277588, 0.208312, 0.096609, 0.188771, -0.103308, -0.306771, 0.131056, -0.103049, -0.038028, -0.119806
-1.439219, -0.511197, 0.504137, -0.915983, -0.397343, 12.036347, 0.777585, 1.635293, 1.193798, 0.342569, -1.615318
-0.282518, 0.353865, 0.444553, 0.025142, 0.353090, 0.054974, -0.079960, -0.238980, -0.457428, 0.037449, 0.240478
-0.665088, -1.967536, 12.373210, -0.320957, -1.167472, 0.440517, -0.221437, 0.578531, -0.344245, 0.039445, -0.569019
-0.195043, -0.109705, 0.505977, -0.225220, 0.275640, 0.200600, 0.138624, 0.162778, -0.897071, 0.436310, -0.170197
1.067987, -0.178813, 1.589000, 0.735849, 0.289732, 0.381632, -0.010878, -1.188602, 0.007095, -0.357155, 1.159268
-0.587979, 0.537688, 0.345319, -0.057413, 0.515311, 0.217751, 0.228311, -0.271364, -0.011491, -0.053102, 0.288292
0.181167, 0.373013, 0.336747, -0.053106, 0.509654, -0.831638, 0.044607, -0.600560, -0.832332, -0.570664, 0.605839
-0.012873, 0.391784, 0.391941, -0.187267, 0.525274, -0.676033, -0.141195, -0.084646, -0.089943, -0.782406, 0.089367
0.679338, 0.016685, 2.227845, -2.229944, 0.554805, -0.886549, -0.414184, -0.040269, 0.496602, 1.057758, 0.056580
-0.870958, -0.320318, 0.066357, -0.585813, 0.218494, -0.454676, -0.496188, -0.186008, -0.070299, 0.258174, 0.173050
-1.177607, 0.146740, -0.272747, -1.147438, -0.074422, -0.570320, 0.864638, 0.223734, 2.346557, 0.121797, -0.223892
0.078922, -0.088522, -0.031081, -0.092260, 0.159880, 0.150366, 0.107114, -0.282570, -0.309690, -0.089567, 0.276996
1.807127, -0.316324, 0.441860, 0.629376, -0.409400, -0.296258, 2.116303, -0.920573, 0.674889, 0.064214, 0.931800
-0.008294, -0.107889, -0.080132, 0.160924, 0.041286, -0.110179, -0.116619, -0.120001, -0.065019, 0.018969, 0.117408
-0.825414, -0.451826, -0.055150, -0.088196, -0.180591, -1.336798, -1.821325, 2.606493, 1.441412, 1.867089, -2.603000
0.026946, -0.159557, -0.027392, 0.136324, -0.051884, -0.096568, -0.119434, -0.242013, -0.295456, -0.131236, 0.239851
1.007798, -0.110439, -0.152388, 0.760262, -0.087631, 0.530192, -0.096988, -0.537037, -3.486010, 0.082042, 0.528241
-0.129304, -0.378654, -0.164455, 0.171745, -0.205951, -0.022014, 0.179474, -0.194471, -0.238712, -0.016905, 0.183987
-0.636837, 0.036697, 1.881140, 0.469537, 0.009426, 0.872212, -0.050726, -0.151687, -0.467392, -0.504398, 0.148379
0.000899, -0.247741, -0.287223, 0.099107, -0.022239, -0.125565, -0.080047, -0.206613, -0.275850, -0.161488, 0.201873
0.067619, 1.867336, 0.795086, -0.146226, 1.097997, -4.372779, 0.863258, 1.206765, 0.483134, -0.480875, -1.138590
-0.080970, -0.084411, -0.060407, 0.034963, 0.036690, -0.197027, -0.164249, -0.251122, -0.347466, -0.067946, 0.245807
-0.725862, -0.634962, -1.437389, -2.623129, 0.197955, 0.247177, 2.474527, 1.237542, 2.245640, 0.339232, -1.255187
0.006409, 0.030602, 0.001648, 0.092911, -0.014205, 0.042684, -0.105796, -0.089262, -0.126766, 0.083061, 0.088386
0.260618, -0.007956, 0.014361, -1.393609, -0.686644, 1.272703, -0.185644, 0.548683, -0.436673, -0.400461, -0.552324
0.120421, 0.989696, -0.480964, -0.064665, -0.047453, 1.782597, 0.034359, 0.096402, 0.547095, 0.466606, -0.063632
0.464492, -0.216710, -0.058012, -1.163120, -1.074842, 0.500852, -0.093778, 0.608726, 0.937688, -0.873849, -0.596258
-0.211809, 0.082785, 0.009695, 0.046915, 0.084205, 0.039836, -0.009662, -0.027905, 0.019476, 0.056610, 0.028102
-0.036504, 0.263420, -4.066120, -1.342280, 0.210610, -0.140510, -0.458474, -0.829086, 0.496286, 0.937664, 0.758570
0.032911, 0.460586, 0.173683, 0.136996, 0.279716, 0.020569, -0.307902, -0.033849, 0.174398, -0.463134, 0.038215
0.088676, -1.199435, -0.423241, -0.692176, -0.866383, -0.404789, -0.232707, 0.439807, -0.052148, -0.006358, -0.442280
-0.115335, -0.573761, -0.158373, -0.393862, -0.412337, -0.910157, -0.348882, 0.390366, 0.440585, 0.291213, -0.399475
0.074120, -0.274414, -0.017350, -0.106592, -0.224599, -0.006082, -0.206348, 0.147395, -0.267250, -0.629014, -0.150332
-0.198242, -0.041716, 0.154522, -0.078028, 0.054709, -0.135599, 0.123997, -0.152827, -0.211756, 0.106947, 0.144656
-0.041407, -0.136670, -0.244887, 0.388153, 0.405963, -0.181233, -0.026631, -0.005443, 0.500759, -0.040731, 0.000054
-0.339523, 0.008684, 0.002707, -0.211923, 0.130397, -0.086752, -0.148126, -0.119339, 0.045103, -0.107659, 0.116723
-0.058914, 0.717141, -0.888847, 0.339891, 1.807028, 0.369722, -0.121607, 0.796952, -0.787413, 0.512527, -0.786428
0.016157, 0.021815, 0.164360, -0.013324, -0.095673, 0.204485, -0.151558, 0.027872, 0.058411, -0.055724, -0.025674
-0.732928, 1.291795, 1.231991, -0.263446, 0.141725, 1.263670, 0.388021, -1.117448, -0.147783, -1.200502, 1.099717
-0.142943, -0.041902, 0.095927, -0.051344, -0.043295, 0.133118, -0.131822, 0.059096, -0.084752, 0.020270, -0.058647
-2.173160, 0.123791, -0.198238, 1.198942, 0.374604, -0.727347, 2.194099, -0.978222, 0.213819, 0.305857, 0.971061
-0.251305, 0.116588, 0.007633, -0.139583, 0.054825, 0.030276, -0.019967, -0.019956, -0.059426, 0.113140, 0.020913
0.679578, -0.796614, -1.379133, -3.534794, 0.604115, -1.374224, 0.615866, -1.297261, 0.159522, -0.521749, 1.237103
-0.034122, 0.056710, 0.171934, 0.056129, 0.052932, 0.024710, -0.233944, -0.014126, 0.406390, 0.067095, 0.011804
-0.378624, 0.665753, -0.592337, -0.426416, -0.247414, 0.321190, 0.845295, -0.300489, 0.470544, -0.451707, 0.306259
0.249206, 0.432263, 0.123730, -0.127963, 0.119610, -0.504856, 0.186100, -0.232294, 0.005741, -0.379318, 0.238208
0.593473, -1.650554, -1.518703, 5.859011, -1.141410, 1.121944, 0.387651, 1.527032, 1.278180, 0.632366, -1.522278
0.028076, -0.137316, -0.215322, 0.114512, 0.032910, -0.106908, -0.024211, -0.073388, -0.054602, -0.081816, 0.069586
-1.128513, -0.789660, 0.444153, 1.831624, -0.722418, -0.716810, -0.728388, 0.446822, -0.288201, 1.452202, -0.436379
0.084599, -0.213907, -0.151379, 0.061176, -0.003830, -0.037461, -0.020074, -0.163549, -0.335858, -0.006547, 0.158439
-0.113423, -0.284271, 1.116981, 0.762516, -0.033652, 0.687112, 0.995860, -0.141062, 0.465252, -0.191490, 0.145960
0.154178, -0.179439, 0.036698, -0.182553, -0.043422, 0.127781, -0.084688, -0.358806, -0.567484, 0.038338, 0.352748
-0.016453, 0.214764, 0.218272, 0.129935, 0.137506, 0.177235, -0.064494, -0.043009, -0.023091, -0.034714, 0.048049
0.173871, 0.268544, -0.314334, 0.422828, -0.303569, 0.052532, -0.032544, -0.055895, -0.066165, -0.124090, 0.059971
-0.095949, -0.298293, 0.059968, -0.190932, -0.254550, 0.042201, 0.036653, 0.178190, -0.119254, 0.047681, -0.176063
-0.201893, 0.008111, 0.237441, -0.121600, 0.136134, -0.114451, -0.056083, 0.043522, 0.026449, -0.057958, -0.041231
0.290618, -0.241285, 0.202581, -0.075582, 0.021819, -0.012228, -0.209184, -0.019729, -0.055137, -0.247292, 0.013661
-0.167058, -0.096894, 0.022666, -0.134461, 0.019039, -0.154258, -0.174076, -0.188967, -0.269307, 0.102204, 0.183904
-0.027139, -0.294042, -0.230784, -0.057906, 0.045822, -0.058638, 0.070361, -0.296561, -0.182651, 0.127133, 0.287790
-0.002866, -0.046495, 0.006107, 0.027062, -0.012857, -0.045521, -0.009905, -0.196571, -0.017671, 0.029182, 0.194733
0.049114, -0.151840, 0.091236, 0.070716, 0.061143, -0.087050, -0.078490, -0.331942, -0.215239, -0.015843, 0.327672
-0.052275, 0.012805, 0.081162, 0.016883, 0.111003, -0.000118, -0.112412, -0.186521, -0.173153, 0.141264, 0.185588
0.126390, -0.107582, -0.677538, 0.111688, -0.053956, 0.300096, 0.065547, -0.061654, 0.119310, -0.203080, 0.058326
0.304027, 0.321742, -0.141248, 0.362437, 0.440637, 0.175614, 0.006127, 0.034422, -0.255963, -0.032655, -0.036276
0.097276, 0.621368, 0.208145, 0.539858, -0.041107, 0.396821, -0.015835, -0.459878, 0.874639, -0.014582, 0.466936
0.312049, -0.286460, 0.125600, -0.420561, -0.126967, 0.165538, -0.297893, 0.076614, -0.164267, 0.327056, -0.082627
-0.168641, -0.004558, -0.028290, 0.129486, 0.017618, 0.262657, 0.078886, 0.031504, -0.144665, 0.099360, -0.028198
-0.070098, 0.512717, -0.010185, 0.249837, 0.262775, -0.301844, 0.100501, -0.418057, 0.400893, -0.521130, 0.416780
0.505952, 0.162647, -0.066615, -0.043442, 0.590304, 0.220464, -0.236072, 0.124635, 0.770278, -0.112890, -0.120441
-0.249266, 0.108899, 0.143239, -0.066777, 0.175145, -0.152904, 0.000509, 0.017778, -0.085599, 0.234327, -0.018730
0.036521, -0.156727, -0.368569, 0.176025, 0.169159, -0.072072, -0.324551, 0.116421, 0.027903, -0.592550, -0.115143
-0.203264, 0.077069, 0.381371, -0.422305, 0.083176, 0.236409, 0.127055, -0.023025, -0.339011, 0.309731, 0.025162
0.040095, -0.054546, 0.060528, -0.043768, 0.092899, 0.296077, 0.089234, 0.114778, -0.430710, 0.116973, -0.115370
-0.149626, -0.083201, -0.115339, -0.426888, 0.146225, -0.230396, -0.120553, 0.107993, 0.182297, -0.137178, -0.110334
-0.066661, -0.010097, -0.019871, 0.060916, 0.178056, 0.087383, -0.038022, -0.162836, -0.191955, 0.298116, 0.160021
-0.051492, -0.049081, -0.098597, 0.035813, 0.120129, -0.025218, -0.084728, -0.221749, -0.062359, 0.009291, 0.219490
0.002269, 0.156830, -0.038845, -0.062996, 0.140273, 0.181700, 0.049901, -0.197893, 0.163231, 0.153866, 0.200034
0.161842, 0.011092, -0.087239, -0.227708, 0.124889, 0.089962, 0.169397, -0.153919, 0.100392, -0.027064, 0.155497
-0.083255, 0.348786, -0.047618, 0.014692, 0.186071, 0.257243, 0.004345, -0.042631, 0.241822, 0.027822, 0.048275
-0.402718, -0.031010, 0.387120, 0.394993, 0.269948, 0.443163, -0.594686, -0.022681, -0.440649, 0.926997, 0.015098
0.004936, -0.036004, 0.118694, -0.112149, 0.232221, -0.120725, -0.140572, 0.061011, -0.049025, -0.360138, -0.064532
0.192087, 0.837865, 1.086904, -0.183053, 0.821151, -0.857785, 0.322988, -0.179170, 0.075598, -0.190146, 0.182825
0.008462, -0.040988, 0.356626, -0.205472, -0.179207, 0.405856, 0.053939, -0.282813, 0.000465, 0.730087, 0.275157
-0.105994, -0.116090, -0.095707, -0.019893, -0.086013, 0.119476, -0.114990, 0.030600, -0.047587, 0.191563, -0.032178
0.092865, -0.020681, 0.132066, 0.176909, 0.076681, 0.201795, 0.156161, -0.085198, 0.408075, -0.031795, 0.088642
-0.351464, -0.014657, -0.191402, -0.076430, -0.065286, 0.015798, -0.068132, -0.080240, -0.406811, -0.175021, 0.080130
-0.402887, -1.065261, -0.099048, -0.226177, -0.377456, 0.379617, -0.310532, -0.140859, 0.027015, -0.089568, 0.116332
0.010141, -0.161175, 0.275802, -0.632067, 0.339777, -0.283118, -0.248308, 0.327095, 0.440091, 0.294269, -0.327308
0.059841, -0.158907, -0.213005, 0.283849, 0.030402, 0.294481, -0.156593, 0.106682, 0.225027, -0.390923, -0.107638
0.195742, 0.068657, 0.306206, 0.457936, -0.076771, 0.206065, -0.103182, -0.004413, 0.134242, 0.063589, 0.005489
0.113229, 0.066212, 0.289559, 0.286837, 0.069841, 0.083920, -0.212094, 0.074069, 0.294488, -0.137714, -0.070502
-0.220767, -0.267362, 0.195596, -0.389724, 0.028658, -0.074398, -0.233898, 0.154085, -0.098838, 0.163141, -0.158890
-0.098122, -0.045713, -0.143180, -0.086415, 0.042131, -0.012273, -0.078744, -0.211748, 0.336246, -0.002749, 0.206316
-0.129619, 0.355689, 0.141565, 0.124398, 0.079851, 0.316778, 0.052998, 0.064212, 0.416470, 0.187341, -0.054610
0.179177, -0.616947, -0.501436, -0.123380, 0.029630, 0.060341, 0.184424, -0.121746, -0.295438, -0.161525, 0.114497
-0.236296, 0.092614, -0.038296, 0.016049, 0.072956, -0.122205, -0.005808, -0.103117, 0.167821, 0.037705, 0.100553
-0.214625, 0.321125, -0.057037, 0.108201, 0.150066, 0.080559, -0.055224, 0.042332, 0.284659, 0.118125, -0.038208
-0.104854, 0.401338, -0.036812, 0.231008, 0.089443, -0.078074, -0.135663, 0.157280, 0.186698, -0.034561, -0.150473
-0.077558, 0.089718, -0.022259, 0.123138, 0.146107, 0.060479, -0.045776, -0.032105, 0.145103, 0.056308, 0.033485
-0.126317, 0.062169, 0.042456, 0.094543, 0.117131, 0.080132, -0.102413, -0.012125, 0.013238, 0.017928, 0.013305
-0.052856, 0.271244, 0.016298, 0.195563, 0.446198, -0.193325, 0.115885, -0.011215, 0.357777, 0.214539, 0.012956
-0.714464, 0.013733, 0.002708, -0.310385, 0.217183, -0.241285, 0.057619, 0.002968, -0.842017, 0.136530, -0.013586
0.165959, 0.230528, -0.095210, -0.068992, 0.826587, 0.179622, 0.130159, -0.339349, 0.359768, -0.468128, 0.343304
-0.094828, -0.373116, 0.404135, -0.402830, 0.098280, 0.022387, 0.351896, 0.850100, -0.867297, -0.314153, -0.825035
-0.114700, 0.182014, 0.090999, -0.227600, -0.140866, 0.099566, -0.054333, 0.276911, -0.000418, 0.154459, -0.264876
-0.249936, -0.084735, -0.309766, -0.043223, -0.127929, -0.159758, 0.005865, 0.022248, 0.035055, -0.070467, -0.023909
-0.240008, 0.260446, -0.101296, 0.125559, 0.079715, 0.044415, -0.077387, 0.015814, 0.184574, 0.086584, -0.013506
0.241854, -0.053927, -0.240026, 0.380764, -0.445398, 0.091358, -0.022896, 0.000739, 0.131969, -0.282332, 0.002505
0.017088, -0.099388, -0.011522, -0.060983, -0.215115, 0.196776, -0.203845, 0.181785, 0.047357, 0.027528, -0.176538
0.594765, -0.469495, -0.287610, 0.434235, -0.917419, 0.099620, -0.307955, -0.210296, 0.578967, -0.404791, 0.201785
-0.180627, -0.094992, -0.184632, -0.044402, 0.004282, -0.142985, -0.127761, -0.061823, -0.004816, -0.039840, 0.057731
-0.139273, 0.073669, -0.221858, 0.046397, 0.021226, -0.112824, -0.061274, -0.047226, -0.041700, -0.016602, 0.045857
-0.050516, -0.130909, -0.250014, 0.122291, -0.032156, -0.159860, -0.117653, -0.092224, -0.211480, -0.021923, 0.087444
0.045632, -0.050187, -0.123870, -0.198615, -0.544181, -0.790530, -0.147742, 0.237438, 0.750281, 0.248474, -0.242504
0.031999, -0.045649, 0.135898, -0.211592, 0.182322, -0.094139, -0.368919, 0.078993, -0.249611, -0.049360, -0.083192
-0.248959, 0.019079, 0.095860, -0.060645, 0.162181, -0.047512, -0.121760, 0.023998, -0.068747, 0.126429, -0.025420
-0.055357, 0.047970, -0.005127, 0.115047, 0.063686, 0.109419, -0.063482, 0.000032, 0.042100, 0.016310, 0.002141
-0.068581, 0.069943, 0.128851, 0.105482, 0.147240, 0.038286, -0.104701, -0.059694, 0.021321, 0.021622, 0.060308
-0.342109, 0.069798, 0.010068, 0.072121, 0.134929, 0.074332, 0.034151, -0.068558, -0.103899, 0.167326, 0.068624
0.819721, 0.236873, 0.680962, 0.640630, 0.582544, -0.642053, -0.022771, 0.112217, 0.048391, -1.065421, -0.102152
0.055585, -0.046980, -0.174641, 0.023865, -0.003277, -0.015176, -0.117400, -0.036078, -0.137149, -0.126008, 0.036763
-0.084118, -0.079146, -0.117088, 0.092206, -0.026723, -0.012374, -0.056655, -0.092112, -0.067045, 0.065977, 0.088916
-0.055942, -0.291419, -0.187493, 0.171971, -0.103655, -0.135801, -0.133246, -0.127948, -0.298541, 0.044313, 0.121483
0.235396, -0.758358, 0.009378, 0.011092, -0.010804, 0.905357, 0.254670, 0.464821, 0.140579, 0.157997, -0.447567
1.062605, -0.071836, -0.095169, -0.289479, -0.258918, -0.020281, 0.278672, 0.182972, 0.234270, 0.059305, -0.170124
-0.187802, 0.165833, 0.117657, 0.085413, 0.060256, 0.101877, 0.057753, -0.120225, 0.007727, -0.046505, 0.121871
-0.192978, 0.093474, -0.017844, 0.097393, -0.013173, -0.046524, -0.145359, -0.114913, 0.046860, -0.008002, 0.114604
-0.254504, 0.132037, 0.256332, 0.015490, 0.123320, -0.057981, -0.094040, 0.014241, -0.290392, -0.043269, -0.015175
-0.127813, -0.070775, -0.038847, -0.029789, -0.077254, 0.103107, -0.042982, 0.052288, 0.015988, 0.155051, -0.051429
-0.073863, 0.054536, -0.008897, 0.101682, 0.102513, 0.080314, -0.085217, -0.034929, 0.068790, 0.006864, 0.035930
-0.103962, 0.029573, -0.039481, 0.090925, 0.047749, 0.098023, -0.067561, -0.017640, 0.022646, 0.003725, 0.018670
-0.033783, 0.094485, -0.051166, 0.128050, 0.183541, 0.011521, 0.021316, -0.075205, 0.102348, 0.040629, 0.076123
-0.089060, 0.030172, -0.066055, 0.082442, 0.110914, 0.027051, -0.074817, -0.041019, 0.015620, 0.142634, 0.039869
-0.009307, -0.386360, -0.218352, 0.192820, -0.154118, -0.089149, -0.054514, -0.145891, -0.310920, 0.062497, 0.138858
-0.156661, -0.253982, 0.992992, 0.510777, -0.121757, 0.657380, 0.771883, -0.084051, 0.397602, -0.011111, 0.089649
0.047016, -0.087335, 0.204173, -0.202999, 0.113422, 0.039225, 0.042781, -0.227202, -0.468641, 0.038912, 0.223452
0.207428, 0.386964, 0.230891, -0.419935, -0.086271, 0.369009, -0.008372, -0.388789, 0.250071, -0.867404, 0.382721
-0.121890, -0.024943, -0.124879, 0.138797, 0.043110, 0.076002, -0.039411, -0.019780, 0.038392, 0.033185, 0.019327
0.058179, -0.103739, 0.050346, 0.204511, 0.007513, -0.022804, -0.211787, 0.084332, 0.072244, -0.260160, -0.086524
-0.023865, -0.314625, 0.471154, -0.377282, 0.107695, 0.049236, 0.066568, 0.046095, 0.060357, -0.019494, -0.050514
-0.127292, -0.094011, 0.079599, 0.023431, -0.057925, -0.024431, -0.052679, 0.007402, -0.031960, -0.022774, -0.008470
1.067553, -0.289144, 0.229075, -0.512268, 0.755417, 0.286370, 0.170409, -0.024570, -0.709316, -0.327965, 0.018485
-0.028541, -0.060356, 0.233868, 0.090203, -0.261133, 0.195795, -0.107647, 0.154437, 0.095344, -0.035825, -0.150383
-0.073517, 0.005135, -0.012913, 0.118560, 0.006247, 0.080060, -0.105115, 0.008077, 0.018017, -0.005503, -0.006836
-0.079581, 0.031839, -0.011713, 0.129011, 0.062363, 0.041877, -0.042117, -0.029763, 0.047226, 0.012863, 0.030454
-0.161523, 0.026415, -0.147532, 0.212092, 0.093829, 0.105443, 0.161851, -0.131802, -0.080405, -0.072837, 0.131135
-0.094307, 0.070062, 0.122989, 0.040373, -0.125265, 0.193352, -0.193821, 0.134577, 0.231119, -0.027467, -0.130162
