0.192472, -0.192468, -0.445585, 0.088521, -0.287649
-0.849200, 0.849139, -1.815210, 0.828653, -0.440286
0.157994, -0.157986, 0.252829, 0.080861, -0.253769
-0.394432, 0.394392, -3.192887, -0.906947, -3.263929
0.027523, -0.027525, -0.601298, 0.212386, 0.064997
-0.273458, 0.273450, -0.033759, 0.224236, -0.321075
0.105533, -0.105532, -0.411149, 0.283235, 0.221670
0.690275, -0.690265, -0.911180, -1.489232, -1.052455
0.561413, -0.561372, -0.379290, 0.342642, 0.095325
0.038032, -0.038008, 0.182274, 0.724737, 0.626204
0.258522, -0.258510, -0.526308, 0.226796, 0.161296
-0.673105, 0.673077, 0.408969, -0.583476, -0.488536
0.235341, -0.235321, 0.054152, 0.216004, 0.011063
-0.825841, 0.825773, 0.557552, 0.166067, 0.247713
-0.093413, 0.093413, -0.107036, 0.125059, -0.262522
1.499150, -1.499032, -2.697598, 1.448686, 0.217858
0.032506, -0.032505, -0.163731, 0.034282, 0.056580
0.243764, -0.243763, 10.934001, -0.038959, -1.116334
-0.348016, 0.347996, 0.688344, -0.746315, -0.467011
-0.944141, 0.944140, 1.223973, 0.030619, 1.652974
0.106581, -0.106574, 0.216953, 0.207255, 0.057166
1.182984, -1.182921, -0.337747, -0.080260, -3.466349
0.154285, -0.154274, -0.192145, 0.069713, 0.229475
-2.556342, 2.556019, 0.302079, -7.429810, -1.078864
-0.066096, 0.066095, 0.217002, -0.123097, 0.198405
-0.136670, 0.136654, -0.888699, -0.535739, 0.006305
-0.723806, 0.723722, -0.267740, -0.935961, -0.133486
-0.054794, 0.054833, -0.991684, 0.992853, -0.673468
-0.512686, 0.512657, 0.248204, -0.237196, -0.150223
-0.216454, 0.216376, 0.303167, -9.683322, 0.467885
0.064176, -0.064169, 0.426850, 0.031571, 0.121100
-0.569700, 0.569693, -4.968514, 0.098041, -1.380960
0.196460, -0.196445, -0.145946, 0.107190, 0.114460
0.993314, -0.993271, -1.813417, 1.229997, 0.360468
-0.157461, 0.157418, 0.068010, -0.755795, -0.009946
0.257748, -0.257728, -0.326370, -0.714226, -0.270899
0.073143, -0.073135, 0.098390, 0.160947, -0.021129
0.505580, -0.505571, -0.054552, 0.561852, 3.890831
0.055383, -0.055378, -0.129546, 0.178158, -0.036672
0.764778, -0.764673, -0.899911, 0.545150, -0.481524
-0.100055, 0.100047, -0.304087, 0.039954, 0.019489
-0.920576, 0.920474, 0.172696, 0.890222, 0.291861
0.157302, -0.157293, -0.176322, -1.055062, 0.260615
0.368873, -0.368835, -2.920307, 0.332837, 0.840636
0.225275, -0.225260, -0.078166, 0.270997, 0.257687
1.547975, -1.547911, 0.509813, 0.066814, 0.236190
0.115641, -0.115633, 0.096223, 0.173430, 0.085450
1.310470, -1.310385, -0.604356, 0.510920, -0.598655
0.088209, -0.088202, -0.076791, 0.083753, -0.141040
0.828100, -0.828038, -0.148993, 0.957736, -0.990736
0.095740, -0.095739, -0.289237, 0.267221, -1.195077
-1.297884, 1.297845, 0.381211, -0.047316, -5.545375
0.114502, -0.114502, -0.292584, -0.561864, 0.402520
-0.341734, 0.341728, 2.475247, 1.777916, -0.803178
0.095691, -0.095686, -0.069997, 0.107963, 0.107960
-0.359338, 0.359326, -0.083991, 2.526539, -0.816318
-0.034330, 0.034357, -0.342519, 0.426356, 0.031252
0.541810, -0.541786, -0.281383, -0.689509, 11.371088
0.028945, -0.028938, -0.073967, 0.147971, -0.144608
0.524702, -0.524656, 0.560516, 3.304182, -3.120761
0.029892, -0.029888, -0.179432, 0.142346, -0.113829
0.241179, -0.241151, -0.040800, 0.337240, 0.175523
0.016665, -0.016664, -0.431891, 0.207903, -0.077548
-0.636966, 0.636961, 1.515386, 1.682788, 0.397134
-0.199345, 0.199324, -0.108326, 0.238254, 0.145427
-0.054873, 0.054884, -0.832134, -0.549101, -0.179268
0.187652, -0.187634, 0.039467, 0.416427, 0.036883
-0.722315, 0.722291, 0.537627, -0.808241, -0.596589
-0.126634, 0.126613, -0.269966, -0.076787, -1.080095
-0.678450, 0.678443, 0.777004, 0.427561, -1.204169
-0.200199, 0.200188, -0.232211, 0.008031, -0.293397
-0.308007, 0.308003, -0.160431, 0.933648, -0.278096
-0.193118, 0.193106, -0.283572, 0.179837, 0.042165
-0.211144, 0.211136, 0.431071, 1.196273, 0.093059
-0.159369, 0.159361, -0.105303, 0.188666, -0.310245
0.887069, -0.887051, -0.642594, -0.241789, 1.529736
-0.128126, 0.128118, -0.114850, 0.044661, -0.110449
-0.699483, 0.699428, 0.606290, 0.830386, 0.156537
-0.043305, 0.043300, -0.276594, 0.523736, 0.323594
1.744935, -1.744757, -0.355178, 1.159978, -1.081714
0.554233, -0.554203, -1.034223, -0.213320, 0.136545
0.109242, -0.109234, -0.383499, -0.749400, -0.510270
-0.182421, 0.182406, -0.226949, 0.007237, 0.026422
0.605263, -0.605230, -0.163248, -1.429431, 0.209913
-0.147074, 0.147056, 0.189856, 0.069944, -0.333886
0.568180, -0.568141, 0.803740, -0.911074, -0.469384
0.126399, -0.126387, -0.000180, -0.059748, -0.050996
0.323686, -0.323627, 0.764754, 0.154620, -0.559781
0.013795, -0.013788, -0.039940, 0.157918, -0.132475
-0.037426, 0.037449, 0.645422, -0.436295, -0.939003
-0.205551, 0.205545, -0.409974, 0.137576, -0.003907
-0.040789, 0.040790, -0.141340, 0.109402, -0.413674
-0.041536, 0.041542, 0.446044, 0.902857, -0.133073
0.634675, -0.634679, -0.781728, -0.527560, 0.410485
0.124238, -0.124260, -0.580931, -0.301068, 0.200946
-0.893060, 0.893019, 1.567864, 0.149238, -1.063141
0.034499, -0.034497, 0.152510, 0.184925, 0.126140
0.115895, -0.115887, 0.314370, 0.193356, -0.008464
1.093705, -1.093629, 0.030232, -0.137722, -0.232849
-0.080379, 0.080374, 0.066759, 0.100576, -0.058338
-0.068508, 0.068505, 0.127651, 0.371280, -0.238585
0.131849, -0.131839, 0.076951, 0.202521, -0.042512
0.447902, -0.447889, 0.656861, -0.742371, 0.371312
0.238115, -0.238100, 0.622748, 0.272927, -0.151208
0.230527, -0.230494, 0.469046, -0.272219, -0.997675
-0.542858, 0.542826, 1.005457, -0.351303, 0.247687
0.290728, -0.290712, -0.388139, 0.084600, 0.504415
0.022923, -0.022919, 0.015096, 0.125577, -0.026059
-1.790875, 1.790710, -0.028422, -0.395308, 0.494123
0.039877, -0.039865, 0.290480, -0.124773, 0.336675
-0.237788, 0.237754, 1.813646, -0.974864, -0.174418
0.038693, -0.038692, 0.146792, 0.114738, 0.084983
-0.180601, 0.180593, 0.860823, 0.125361, -0.151523
0.250996, -0.250979, 0.347720, 0.095081, -0.079983
0.564850, -0.564821, 0.028435, 1.668420, -0.408980
0.054569, -0.054569, -0.054429, -0.027028, 0.219317
0.042768, -0.042731, 0.023630, 0.720267, 0.212646
-0.020910, 0.020919, -0.005995, 0.277822, -0.148443
-0.045704, 0.045689, -1.480595, -0.003221, 0.214634
-0.034075, 0.034070, 0.356599, 0.095755, -0.106994
-0.692143, 0.692118, -0.448431, 0.345720, 0.231736
0.034057, -0.034066, -0.288001, -0.293797, -0.850853
-1.667631, 1.667540, 0.869936, 1.225272, -0.254460
0.253268, -0.253253, -0.407492, -0.139390, 0.632872
0.120830, -0.120847, -1.502488, -1.981691, -0.834552
0.571530, -0.571486, -0.831748, 0.549344, 0.589401
0.050352, -0.050379, -0.444784, -0.136311, 0.566363
0.122144, -0.122134, -0.073356, 0.139984, -0.032423
0.503557, -0.503577, -1.720420, -1.051674, -1.561768
0.042877, -0.042872, 0.018494, 0.080661, -0.071526
-0.352393, 0.352346, -0.299528, -0.665120, -0.380594
0.408256, -0.408224, 0.265852, -0.273578, -0.281816
-0.081438, 0.081392, 0.366685, 0.500993, 0.475067
-0.192592, 0.192577, -0.027648, 0.030374, 0.123394
-0.260698, 0.260687, 0.801052, 0.700607, -0.345642
0.033627, -0.033632, -0.069600, -0.150488, 0.335529
-2.332615, 2.332467, 0.695697, 0.655769, 1.351225
-0.384868, 0.384846, -0.401591, 0.265288, 0.300224
-0.091881, 0.091876, -0.581162, 0.165580, 0.354899
0.594115, -0.594050, 0.341998, 0.633338, 0.222375
-0.254404, 0.254367, -0.741995, 0.480959, 0.485809
0.045225, -0.045219, 0.047042, 0.152743, -0.024269
0.210185, -0.210177, 0.189314, -0.764883, 1.658267
-0.034561, 0.034567, 0.095279, -0.030091, -0.054989
-0.124564, 0.124561, -0.126002, 0.043128, 0.194992
-0.051779, 0.051772, -0.504324, -0.165191, 0.319305
-0.194943, 0.194936, -0.965697, 0.241938, 1.225547
0.034778, -0.034773, 0.042402, 0.013253, -0.080183
-0.400281, 0.400240, -0.218218, -0.261828, -0.002639
0.026686, -0.026683, 0.023679, 0.034420, -0.148446
-0.506150, 0.506137, 0.081414, -0.047814, -0.155598
-0.102197, 0.102195, 0.011301, 0.306611, -0.169547
-0.185272, 0.185264, -0.159414, 0.041530, 0.174191
0.145193, -0.145181, 0.124399, -0.032020, -0.349263
0.155317, -0.155301, -0.093948, -0.025969, 0.001404
-0.041611, 0.041608, -0.023981, 0.080604, 0.083443
-0.127369, 0.127370, -0.022063, 0.199371, 0.034475
0.174344, -0.174328, -0.006933, -0.195262, -0.288883
-0.085659, 0.085658, -0.259360, -0.111826, 0.105466
0.488517, -0.488486, 0.406092, -0.190059, -0.191805
-0.112463, 0.112463, 0.063303, 0.003633, 0.106505
-0.178961, 0.178953, 0.259660, 0.058072, -0.129427
-0.790204, 0.790168, -4.437547, -0.167714, 0.709796
0.503759, -0.503723, 0.316782, 0.211767, -0.023594
-3.316639, 3.316333, 0.444844, -1.099821, -0.186820
0.086506, -0.086511, -0.311120, -0.033644, 0.049261
-1.409247, 1.409206, 0.737106, 6.431048, 0.813696
0.089418, -0.089427, -1.041149, 0.804921, 1.801066
0.291496, -0.291475, 0.499029, -0.371766, 0.598099
-0.330518, 0.330495, 0.081573, 0.534362, -0.096099
-0.114112, 0.114087, -7.026579, -0.574264, -1.204104
-0.065836, 0.065830, -0.359447, 0.611073, 0.196007
0.880608, -0.880623, 0.081339, -3.617006, -0.448282
0.297846, -0.297821, 0.135051, 0.287492, 0.216736
0.329749, -0.329731, 1.579434, 0.647362, 2.125230
0.080993, -0.080992, 0.068093, -0.085401, 0.084092
0.493325, -0.493326, -0.074049, 1.052387, -0.430029
0.071203, -0.071197, -0.292746, 0.301414, 0.356329
-0.069754, 0.069760, 0.159100, 0.374853, -0.351572
0.170923, -0.170910, -0.012655, 0.114263, 0.368586
-1.272745, 1.272618, -0.139077, 0.698017, 0.144820
-0.108603, 0.108593, -0.478666, 0.340717, 0.199519
0.088162, -0.088181, -0.060855, -1.917640, 0.278249
0.135003, -0.134994, -0.332097, 0.297157, -0.057538
-0.579391, 0.579385, 0.705556, -0.293363, -0.103247
0.178411, -0.178407, -0.115740, 0.023104, 0.140674
0.177318, -0.177282, 1.513274, -0.744387, -2.328388
-0.386606, 0.386586, 0.464155, 0.380232, 0.493067
0.981165, -0.981147, -0.483788, -6.160573, 0.440160
0.367122, -0.367042, -0.316194, 0.974148, 0.712654
-0.240586, 0.240603, -0.104164, -0.220560, 0.960657
-0.454284, 0.454248, -0.176497, 0.127359, 0.167251
0.214974, -0.214953, 0.471168, -0.534769, 0.473445
0.026868, -0.026856, -0.374781, 0.704290, -0.222924
-1.224655, 1.224629, 1.513394, 0.278264, 0.077936
0.135159, -0.135156, -0.001946, 0.357001, 0.006995
-1.502245, 1.502192, 1.107508, 0.543694, -0.727882
-0.412443, 0.412417, 0.892496, -0.201181, -0.172972
0.258267, -0.258246, 3.436752, -0.856982, 0.051289
-0.060635, 0.060640, 0.378913, 0.443104, -0.147668
1.371307, -1.371257, 0.869664, 0.804974, 0.659232
0.005531, -0.005529, -0.141613, 0.267675, -0.158238
0.778255, -0.778237, 0.533583, -0.817190, -1.042962
-0.105153, 0.105144, -0.286670, 0.356092, 0.023595
8.711433, -8.710754, 1.445713, -0.444335, 0.038839
0.043403, -0.043404, -0.400089, 0.176578, 0.138788
-0.128794, 0.128798, 0.392243, -0.264305, -0.222109
0.017397, -0.017383, -0.487447, -0.138082, 0.215599
0.358949, -0.358952, 0.062020, -0.065319, -0.399784
0.539346, -0.539345, -0.373094, 0.009825, 0.253225
-0.823275, 0.823178, -1.625962, 0.032687, 0.466223
-0.378683, 0.378643, -0.421401, 0.230957, 0.375075
-0.966020, 0.965956, 0.610003, 0.674096, 2.370450
0.009391, -0.009411, -0.079122, 0.503270, 0.689889
-0.211902, 0.211857, 1.311019, -1.774374, 1.155306
0.252272, -0.252265, -0.119626, 0.007215, 0.161973
-0.002067, 0.001990, -0.039816, -1.606721, -0.051613
-0.111700, 0.111695, -0.004316, 0.136429, -0.106197
-2.212752, 2.212696, 0.582032, 1.296721, -0.672840
-0.053911, 0.053906, -0.245904, 0.155803, -0.046529
0.497594, -0.497578, -2.389140, 0.478969, -0.517958
-0.060998, 0.060997, -0.154231, -0.164965, -0.181161
0.682066, -0.682023, -0.738464, 0.013541, -0.407064
-0.085701, 0.085695, -0.283856, 0.120338, -0.020116
-2.726686, 2.726431, -0.341990, -0.689280, 0.385103
-0.139270, 0.139259, -0.268780, 0.208879, 0.052145
0.020923, -0.020907, 1.349415, -2.567704, 2.045820
0.039545, -0.039542, -0.045833, 0.128960, -0.098911
0.376882, -0.376799, 0.401100, 0.044699, 1.048592
1.228777, -1.228685, 0.149858, 0.262472, 0.224527
0.135090, -0.135062, 0.341197, -0.001161, 0.824886
-0.004131, 0.004133, 0.090150, 0.043648, -0.003877
-0.390191, 0.390197, 1.917798, 0.184772, 0.947301
-0.072891, 0.072894, 0.143268, 0.407924, -0.054037
-0.179918, 0.179904, -0.301045, -0.302998, 0.384486
-0.751040, 0.751001, 0.438522, 0.265004, 0.274616
-0.038868, 0.038876, -0.055848, 0.178638, -0.022162
-0.146881, 0.146873, -0.105832, -0.126167, 0.088583
-0.119866, 0.119858, 0.476568, 0.028954, -0.338761
0.010206, -0.010210, -0.041026, 0.119885, 0.258186
0.245757, -0.245729, -0.884427, 0.163850, -0.238705
0.103188, -0.103176, 0.050787, 0.197495, 0.024907
0.894949, -0.894876, 1.067129, -0.267790, 0.123304
0.060257, -0.060248, -0.027456, 0.162885, 0.046663
0.063656, -0.063711, 0.436550, -2.103633, -1.018824
0.014811, -0.014811, 0.002537, 0.055016, 0.164836
-0.999846, 0.999774, 0.313559, -0.754115, 3.717535
-0.035540, 0.035542, 0.411400, 0.233870, -0.067614
0.447902, -0.447889, 0.656861, -0.742371, 0.371312
-0.356929, 0.356894, 0.038193, -0.125318, 0.268650
0.472849, -0.472774, 1.095241, -0.954020, -6.385510
-0.046854, 0.046850, -0.029170, 0.025665, -0.116804
-0.736573, 0.736533, 0.367033, 0.458907, -1.950207
0.060705, -0.060705, -0.231551, 0.044396, -0.046242
0.420077, -0.420047, 0.689050, -0.774790, -0.759617
0.230300, -0.230294, -0.366135, 0.192478, 0.239434
0.121027, -0.121021, -0.081641, 0.152596, -0.031050
0.008557, -0.008554, -0.060328, 0.005015, -0.451100
0.076612, -0.076609, -0.263688, -0.104323, 0.118213
-0.061114, 0.061107, -0.028125, 0.061593, 0.151729
-0.075522, 0.075523, -0.080144, 0.223144, 0.101887
-0.104204, 0.104197, -0.212013, 0.188520, 0.209805
-0.046526, 0.046522, -0.105105, -0.037020, 0.153104
-0.042220, 0.042217, 0.076984, 0.054505, 0.034180
-0.031435, 0.031428, -0.091270, 0.132365, 0.045403
-0.009901, 0.009900, -0.066444, 0.164913, 0.073784
0.213584, -0.213567, -0.050058, -0.021594, -0.071208
0.011673, -0.011660, -0.234514, 0.111610, -0.202204
0.299263, -0.299248, 0.650328, 0.235794, -0.375176
0.055391, -0.055378, -0.080887, 0.255071, 0.383108
0.155532, -0.155519, -0.093052, -0.032865, -0.096197
-0.162065, 0.162048, 0.569792, 0.002719, -0.130112
-0.034633, 0.034646, 0.662559, 0.380356, 0.077532
-0.092345, 0.092335, -0.056650, -0.026012, 0.112438
0.006730, -0.006727, -0.057359, 0.271384, -0.153815
0.203959, -0.203949, -0.365178, -0.139166, 0.460654
0.111437, -0.111420, -0.268353, -0.070306, 0.022716
-0.075343, 0.075333, -0.122784, 0.072196, 0.473645
0.036323, -0.036320, -0.160144, 0.119816, 0.053634
0.000950, -0.000953, 0.003200, 0.140406, 0.071444
0.147202, -0.147194, 0.217106, 0.031745, 0.153427
0.069156, -0.069153, 0.148207, -0.097830, 0.315052
0.159396, -0.159384, 0.258197, 0.078607, 0.053142
0.232351, -0.232328, -0.419194, 0.536925, -0.333889
-0.078535, 0.078529, -0.083294, 0.136567, 0.133390
-0.676795, 0.676740, 0.068290, -0.218260, 0.367659
0.264309, -0.264289, 0.140425, -0.060873, 0.215170
0.061328, -0.061320, -0.014874, 0.094561, 0.008448
0.175775, -0.175768, 0.364014, -0.048321, -0.126191
0.033528, -0.033527, -0.243257, 0.111558, 0.068784
0.249885, -0.249860, 0.266542, 0.179631, 0.126692
-0.155233, 0.155220, 0.105624, 0.119894, 0.677663
0.124334, -0.124314, 0.243399, 0.184303, -0.313342
0.069461, -0.069450, 0.214487, 0.113611, -0.486533
-0.004627, 0.004634, 0.360999, 0.299194, -0.259608
-0.053282, 0.053279, -0.219773, 0.185001, 0.370614
-0.002352, 0.002352, 0.498908, 0.085116, 0.098370
0.185951, -0.185936, 0.455326, 0.012091, -0.101888
0.140788, -0.140784, -0.097847, -0.178541, 0.135150
-0.114296, 0.114290, 0.185472, -0.008122, 0.006476
0.007530, -0.007526, 0.245370, 0.084484, -0.086063
-0.109179, 0.109176, 0.096361, 0.144997, -0.241868
0.019767, -0.019764, 0.193842, 0.084905, -0.070856
0.032136, -0.032132, 0.056265, 0.143445, -0.049059
-0.178033, 0.178020, 0.438241, -0.088103, -0.099381
-0.214331, 0.214318, -0.717428, -0.079195, 0.363068
0.260565, -0.260561, 0.498285, 0.051220, 0.315995
0.171898, -0.171902, -1.006163, -0.384618, 0.303263
0.131087, -0.131082, -0.096675, 0.069634, 0.198893
-0.086122, 0.086115, 0.007542, -0.038405, 0.005930
-0.015999, 0.016002, 0.151547, 0.092310, -0.119951
0.024671, -0.024662, 0.130045, 0.023601, -0.494546
0.113073, -0.113061, -0.022418, 0.199910, 0.022685
0.014041, -0.014031, 0.619844, 0.280877, -0.662190
-0.091058, 0.091053, 0.002948, 0.090292, 0.044128
-0.086051, 0.086047, -0.035844, 0.060626, -0.046621
-0.101721, 0.101715, -0.189284, 0.092432, -0.139275
-0.678281, 0.678250, 0.812939, -0.097969, -0.001707
-0.138686, 0.138685, -0.134425, 0.366610, 0.228407
-0.059707, 0.059706, -0.004100, 0.125765, 0.086830
0.039644, -0.039638, 0.088190, 0.107883, -0.080659
0.007911, -0.007910, 0.078062, 0.149385, -0.051312
0.026708, -0.026706, -0.045479, -0.011365, -0.018946
-0.479360, 0.479323, -0.210694, 0.033737, -0.425911
0.019351, -0.019350, -0.115117, 0.121577, -0.028373
0.001105, -0.001104, -0.016780, 0.054799, -0.100923
-0.062998, 0.062994, -0.240953, 0.094108, -0.192603
0.627572, -0.627530, -0.385003, -0.145944, 0.125510
0.009743, -0.009746, 0.196775, -0.318813, 0.314277
0.048613, -0.048610, 0.048163, -0.000222, -0.022296
-0.036098, 0.036095, 0.141867, 0.191254, -0.046482
-0.085481, 0.085479, -0.144574, 0.111269, -0.018384
0.068672, -0.068666, 0.004225, 0.034822, 0.014166
0.022512, -0.022508, 0.055086, 0.124074, -0.049460
0.035538, -0.035533, 0.045250, 0.105568, -0.054299
-0.021758, 0.021758, 0.100025, 0.020577, -0.050164
0.019851, -0.019848, 0.038524, 0.078451, -0.069601
-0.012728, 0.012727, -0.239857, 0.012530, -0.217629
0.435847, -0.435817, 0.595545, -0.582042, -0.542178
0.207144, -0.207143, -0.291440, 0.041052, 0.238758
0.402973, -0.402957, 0.261271, 0.151665, 0.479376
0.005447, -0.005443, 0.080573, 0.072232, -0.110488
-0.104032, 0.104035, 0.099302, 0.234562, -0.204335
0.032149, -0.032146, 0.028311, -0.067963, 0.326661
-0.028634, 0.028634, 0.013080, 0.040219, -0.050452
-0.016270, 0.016284, -0.445315, 0.010836, 0.591030
0.097310, -0.097299, 0.031203, 0.083539, -0.132615
0.019198, -0.019193, 0.023263, 0.116791, -0.094494
-0.003246, 0.003247, 0.055932, 0.065145, -0.082553
0.072585, -0.072581, 0.017196, -0.120248, -0.152099
0.111748, -0.111735, 0.156148, 0.196698, -0.060717
