0.122071, 0.171296, 0.380474, -0.238794, -0.648252, -0.287035, -0.403164, -0.096276, 0.287035, -0.308756, -0.253985, 0.292411, 0.213552
1.102745, 0.856462, -0.092302, 0.162174, 1.522122, -0.012430, -1.677441, 0.954710, 0.012430, 0.999616, -0.469546, 0.495667, 0.622356
0.618956, 0.137339, -0.530987, -0.153389, -0.038118, -0.362692, 0.180102, -0.191028, 0.362692, 0.329429, -0.283423, 0.288496, 0.364297
-0.818389, -0.201242, 0.180264, -0.443423, 0.468965, -0.673017, -2.591683, 0.674642, 0.673017, -0.336016, -0.239017, 3.237439, 0.188309
0.455405, 0.184116, -0.722469, 0.145850, -0.320948, -0.110579, -0.651219, 0.025231, 0.110579, 0.119516, -0.736847, -0.062111, -0.006910
-0.067978, 0.283703, 0.069090, 0.390312, 0.421195, -0.116877, 0.000283, 0.168249, 0.116877, -0.322794, 0.660578, 0.304670, -0.044298
-0.108524, 0.323063, 0.000989, 0.288952, 0.072962, -0.049649, -0.477976, 0.050685, 0.049649, -0.544664, -0.465635, -0.297823, 0.260479
0.294981, -0.512980, 0.234516, -0.968308, 1.534308, -2.260098, -0.792637, 0.006618, 2.260098, -1.084984, 3.109425, 1.517362, 0.894598
-0.048262, 0.237969, -0.089155, 0.135370, -0.074445, -0.065180, -0.483775, -0.693434, 0.065180, 0.300437, -0.162759, -0.097028, 0.481708
1.948332, 0.823500, -1.187454, 1.271105, 0.720913, -0.114631, -0.103610, -0.435595, 0.114631, 0.561187, 0.319287, -0.340255, -1.581573
-0.256253, 0.211826, -0.044844, 0.223929, 0.185668, 0.009953, -0.606937, -0.200214, -0.009953, -0.333789, -0.382269, -0.282443, 0.387418
0.897344, -0.555225, 0.029210, 0.375433, -0.214737, 0.586916, 0.318337, 0.520129, -0.586916, 0.613652, 1.293336, 0.829383, -0.479026
-0.106449, 0.089779, -0.162584, -0.023083, -0.015272, -0.011091, -0.032742, -0.336893, 0.011091, 0.089480, 0.032639, -0.011017, 0.163157
0.179024, 0.341243, 0.170481, -1.259764, 1.167844, -0.068463, 0.627240, 1.250121, 0.068463, 1.571328, -0.547351, -0.453881, 0.303575
-0.014045, 0.197780, 0.265870, -0.006124, -0.385834, -0.167641, -0.070478, 0.039903, 0.167641, 0.049589, -0.042535, 0.328598, -0.041252
1.842977, 1.486449, 0.269110, 1.060760, 2.478979, -1.048056, -2.706311, -2.402192, 1.048056, 2.179006, 0.216333, 0.007729, -0.113872
-0.175364, 0.097916, 0.176380, 0.066479, 0.129237, -0.101554, -0.223965, -0.012090, 0.101554, -0.232552, -0.078843, -0.065153, 0.102489
0.113334, -0.321452, 0.707220, -0.308879, 0.450830, -0.960724, 11.588638, 0.101820, 0.960724, 0.074205, -0.749747, 1.488422, -0.323103
-0.264865, -1.004499, -0.036678, -0.290273, -0.393387, -0.054480, 0.794032, 0.320744, 0.054480, 0.027636, -0.366098, 0.520610, 0.359003
0.656026, -0.553910, 0.554615, 1.158136, -1.060015, 1.664696, 0.897858, 0.013505, -1.664696, -0.820466, 0.173090, -2.410441, -1.150490
-0.371091, 0.221107, 0.187563, -0.057494, 0.185772, -0.167007, 0.126402, -0.109716, 0.167007, -0.108192, -0.226554, -0.129151, 0.120550
2.070583, 0.694037, 2.608099, 3.764203, -0.411129, 0.956872, -0.507803, -0.954075, -0.956872, -1.015749, -3.300304, 2.181445, 2.444763
-0.092795, 0.086857, 0.054758, 0.055835, 0.071833, -0.147497, -0.242504, -0.161193, 0.147497, -0.072631, -0.340614, -0.193340, -0.014583
0.476895, -6.700240, -0.329398, -0.055383, -1.101330, 0.162078, 0.352054, 4.673026, -0.162078, -3.097342, -1.153522, 0.707946, -0.212052
-0.226316, -0.122756, 0.276537, 0.143387, 0.026774, -0.134488, 0.092289, 0.041947, 0.134488, -0.276460, 0.332599, -0.247675, 0.344848
0.364684, -0.022098, 0.272640, 1.173016, 1.422011, -0.409940, -1.038545, 0.196933, 0.409940, -0.562768, -0.495182, -0.141853, 0.101206
-0.457929, -0.231321, 0.685020, -0.255614, -0.390515, -0.795007, -0.440909, 1.485272, 0.795007, -1.100194, 0.533108, 0.352415, -0.348993
0.161227, -0.007734, 0.281613, -1.073349, -0.286139, 0.651398, -0.294502, -0.400233, -0.651398, 0.905299, 9.078072, 0.332680, 4.677000
0.249548, -0.174176, 0.144143, 0.202919, -0.393501, -0.021501, 0.132829, 0.553489, 0.021501, -0.316390, 0.086570, 0.199532, -0.321132
-1.265261, -11.244012, -0.420932, -0.017896, 0.450008, 0.452863, 0.247360, -0.032821, -0.452863, 0.341672, 0.754112, -0.491472, -0.459113
-0.542730, 0.027701, -0.270957, -0.337043, 0.060293, -0.278330, 0.377484, -0.160135, 0.278330, 0.235677, 0.023210, -0.144554, 0.067611
0.525307, -0.274317, 1.039839, -2.375497, -0.166742, 0.224732, -4.575919, 0.337000, -0.224732, 0.114619, -0.641127, 1.940910, -1.235325
-0.088284, 0.018207, -0.174497, 0.037681, 0.044888, 0.013033, -0.211593, -0.260446, -0.013033, -0.104228, -0.158979, -0.119807, 0.071054
-1.609151, 2.134465, 0.375215, 0.050188, -1.324705, -0.314435, -1.900341, -0.575123, 0.314435, -1.875253, -0.590601, -0.519015, -0.141252
-0.405507, -0.230894, -0.213928, -0.031817, 0.915695, -1.246939, -0.389571, 0.579561, 1.246939, 0.107424, -0.377598, -0.155686, 0.210980
0.638170, -0.307911, 0.707659, 0.132134, -0.473947, -1.153982, -0.457955, -0.555573, 1.153982, -0.068599, -0.586567, 0.559364, -2.141066
-0.164396, 0.137234, -0.002327, -0.006657, 0.045261, -0.108556, 0.034514, -0.133343, 0.108556, 0.038787, 0.041228, 0.021774, 0.121763
8.207461, 2.870186, -0.955957, -0.791548, -1.678385, -2.258136, -0.478103, -0.081200, 2.258136, -0.018641, -1.012124, -3.249382, 1.046791
-0.093386, 0.203197, 0.023261, 0.027961, -0.011525, -0.131514, -0.171691, -0.053349, 0.131514, -0.156676, 0.020153, 0.055075, 0.137917
0.308059, -0.389598, -0.198689, 1.460967, -0.085674, 1.133147, -0.740168, -1.741772, -1.133147, 1.557244, -0.632788, 0.381615, 0.190605
-0.039300, 0.115175, 0.215934, 0.160486, -0.108753, -0.101062, -0.336415, 0.212244, 0.101062, -0.366127, -0.083469, 0.053840, -0.019219
8.085095, 1.098727, -0.327554, -0.529474, 1.314460, -0.427280, 0.220663, 2.005638, 0.427280, -0.518184, 0.128654, 0.011114, -0.319689
-0.219237, -1.103388, 0.437964, 0.105116, -0.468360, -0.052057, -0.186328, -0.219906, 0.052057, -0.415137, -0.282161, -0.045449, -0.546975
0.511711, -0.658529, -0.148305, -5.409136, 0.588546, 0.319305, -1.085355, -0.968032, -0.319305, 0.024257, 0.052857, -0.229469, -0.368361
-0.210830, 0.195482, -0.190504, 0.013281, 0.101696, -0.018784, -0.149064, -0.268861, 0.018784, 0.010264, -0.238704, -0.308250, 0.074904
-1.537088, 0.848595, 3.566447, -0.151515, 0.357513, -1.318883, 0.510877, -1.235945, 1.318883, -0.274472, 1.608184, -0.715712, 1.014969
-0.273945, 0.159928, -0.060317, -0.070192, -0.023871, -0.097905, 0.043778, -0.144247, 0.097905, -0.042876, -0.130703, -0.131166, 0.140724
-0.122496, 0.409985, -0.916551, 0.399856, 1.075272, 2.534632, -0.730406, -1.460277, -2.534632, 0.262235, -0.519746, 0.479796, 0.331644
-0.293202, 0.072625, 0.147696, -0.041956, 0.108234, -0.051681, -0.118600, -0.109862, 0.051681, -0.128705, 0.021941, 0.106813, 0.261878
2.892970, 0.268358, 0.624194, 3.627345, -0.007330, -0.549575, -0.345835, -1.448779, 0.549575, 3.092032, -2.103355, 0.657934, -0.166390
-0.535834, 0.625398, -0.001186, -0.895613, -0.790295, -0.200359, -0.041989, 0.038010, 0.200359, -0.225471, 0.173482, 1.346432, 0.099214
0.468637, -0.151390, -0.248145, 1.085138, -0.326662, 0.963310, 0.457718, 0.790646, -0.963310, -0.156770, 0.077715, 2.676003, 9.466085
0.353279, -0.128906, -0.822491, 1.352193, -0.679959, -0.118627, -0.304681, 0.122138, 0.118627, -0.494439, -0.331009, -0.592165, -0.046049
2.882704, 0.654973, -2.787214, 1.450166, 1.059782, 1.057284, 2.287975, 0.492087, -1.057284, 0.334388, -0.047309, 0.936251, -0.265701
-0.454236, 0.125447, -0.109708, -0.218860, 0.105617, -0.071977, -0.086898, -0.086530, 0.071977, 0.060106, -0.076891, -0.133550, 0.120841
0.235755, 1.465873, 1.304221, 0.756144, -1.822560, 1.088005, 0.072097, 0.816881, -1.088005, 1.020724, 1.900749, 2.025343, -1.862179
0.586179, 0.226260, 0.663758, -0.899922, -0.422276, 0.696948, -0.400151, -0.293975, -0.696948, 0.115885, -0.299510, -0.043342, 0.005445
-0.993932, -0.032547, 0.823833, 0.462634, 0.351240, 0.009806, -0.465480, -0.733023, -0.009806, -0.337722, -0.178635, -12.105236, 0.219232
-0.160536, 0.120812, 0.009828, 0.064390, 0.192669, -0.003233, -0.123911, -0.088391, 0.003233, -0.062919, 0.147641, 0.178401, 0.086358
-0.164018, 2.264214, -0.291015, -4.286187, -1.207687, -0.330726, 1.603119, -0.507910, 0.330726, 2.178308, -1.825856, 3.572076, 0.122812
-0.031224, 0.201651, 0.058790, 0.140996, -0.002448, -0.082458, -0.224245, -0.017443, 0.082458, -0.201699, 0.055658, 0.151905, 0.179282
0.951704, -0.427596, 0.014642, -0.508587, -0.701020, 0.412972, -0.194912, -0.521966, -0.412972, 3.153955, -2.528289, 0.186513, -0.631500
-0.081611, 0.305483, 0.162450, 0.223613, -0.178243, -0.074358, -0.472745, 0.058999, 0.074358, -0.365909, -0.060481, 0.127175, 0.172891
1.170677, 2.117541, -0.456015, 1.175111, -1.609505, 0.385390, 2.300801, 0.535573, -0.385390, -0.836938, 1.600179, 0.387853, -0.745073
-1.224931, -0.267106, 0.668788, -0.770970, -0.163133, 0.338769, 0.108624, 0.422938, -0.338769, 0.683395, 0.041833, -0.270588, -0.205307
0.561361, -0.515650, 0.897313, 0.247557, -0.746026, -0.347233, -0.862037, -0.053226, 0.347233, 1.063380, -0.519915, 0.246749, 0.140127
-0.232823, 0.545233, 0.498870, -0.130448, -0.469453, -0.242484, 0.057379, -0.225678, 0.242484, -0.068468, 0.037391, -0.021536, 0.263314
0.118950, -1.321694, 1.417117, -0.296543, -1.070379, 1.300478, 0.512822, 0.452315, -1.300478, 2.470411, 0.228370, 0.115641, 0.259035
-0.177403, 0.042566, -0.042003, 0.522091, -0.087268, -0.304872, -0.266774, 0.439524, 0.304872, 0.777322, 0.595264, 0.752168, 1.230412
0.161138, -0.020526, 0.941168, -0.190723, 0.248238, 0.388539, 0.913877, 0.146673, -0.388539, -0.461799, -0.179462, 0.463145, 1.923292
-0.035199, 0.015802, 0.132794, -0.164342, 0.089074, 0.067427, -0.314505, 0.248666, -0.067427, -0.275294, 0.152663, 0.362038, 0.007643
0.156122, -0.114412, -0.166095, 0.133703, -0.670940, -0.312613, -0.177689, -0.058657, 0.312613, 11.469201, 0.256409, 0.021300, 1.168947
0.005063, 0.247184, 0.104177, 0.160383, -0.089855, 0.017352, -0.345079, 0.293177, -0.017352, -0.371444, -0.118675, -0.005401, 0.044250
0.508035, 1.089179, -0.374497, -0.715504, -0.490796, 0.277618, 0.527045, 0.299290, -0.277618, -0.398265, -0.146054, -0.287232, 1.511148
-0.099320, 0.279441, 0.309473, 0.169603, -0.096998, -0.052441, -0.177333, 0.235657, 0.052441, -0.461651, 0.092741, 0.308022, 0.172462
0.271035, -0.425579, -0.656080, -1.010716, 0.575810, 1.032677, -0.477352, -0.323636, -1.032677, -0.373840, -1.337238, -2.136896, 2.230245
-0.087326, 0.131400, 0.199973, 0.089240, 0.016758, -0.062171, -0.164709, 0.190448, 0.062171, -0.315304, 0.060354, 0.155218, 0.060245
-0.548316, 1.984387, 0.446977, 0.536475, -6.397370, -0.037170, 1.510979, 1.665048, 0.037170, -2.075491, 0.534927, -0.490312, 4.229223
-0.403989, 0.431861, -0.266261, -0.028571, -0.671946, 0.777198, -0.567291, 0.258726, -0.777198, -1.037519, 0.058416, -0.485019, 0.003897
0.473151, 2.506182, -0.741231, 0.785315, -4.693054, 0.269643, -0.220876, -2.621961, -0.269643, -5.249996, 0.076930, 0.719728, 1.632721
-0.534702, -0.296849, -0.860711, -0.602332, -1.054846, -0.228981, -1.155804, -0.601951, 0.228981, -0.133347, 0.209679, 0.314134, -0.727173
1.698927, -0.787373, 1.179739, -8.405498, -0.260986, 0.877712, 0.312860, -0.278653, -0.877712, 0.423148, 0.250619, 0.924447, 0.460720
0.020425, 0.100455, 0.159039, 0.164769, 0.128339, -0.092194, -0.290934, 0.324967, 0.092194, -0.362506, -0.121989, 0.027734, -0.052693
0.286539, -1.437235, -0.318143, 0.432852, -0.829513, -0.180258, -0.354620, -0.923344, 0.180258, -0.566139, -0.396557, -0.195649, 0.519614
-0.166378, 0.179940, -0.270552, -0.052726, 0.130923, -0.201873, 0.278759, 0.338348, 0.201873, -0.127857, 0.468158, 0.389627, 0.026071
0.285663, -0.805507, 0.000940, -0.398198, 0.248999, -0.383936, 0.821113, -0.897232, 0.383936, -0.092461, 0.084830, 0.825012, -0.819337
0.175804, 0.009736, 0.163970, 0.023753, 0.229083, -0.215683, -0.094281, -0.188828, 0.215683, -0.276121, 0.257122, 0.081405, 0.132249
-1.151331, -0.286997, -0.991322, 1.465583, 0.309284, -0.138570, 0.590392, -1.012429, 0.138570, 1.121883, 0.661764, 0.645129, -0.234360
-0.176586, 0.068892, 0.144311, -0.024638, 0.373358, 0.228392, -0.100747, -0.069699, -0.228392, 0.021817, -0.019432, 0.069303, 0.095249
1.732172, -0.886675, 0.478324, 0.389234, 0.272492, 0.539152, 0.486445, -0.334325, -0.539152, 0.423153, 0.408184, 0.721502, 1.003195
-0.349873, -0.035174, 0.123719, 0.134206, -0.025522, -0.065816, -0.515655, 0.134726, 0.065816, -0.029398, 0.147186, 0.102403, -0.163504
-0.297147, 0.088566, -0.142331, 0.493230, -0.271007, 1.522622, -0.066901, -0.037981, -1.522622, -0.204519, 0.351495, 0.396394, 0.449739
-0.710437, 0.978857, 0.462408, -0.383602, -0.156500, -0.218889, 0.605347, 0.021544, 0.218889, 0.511676, 0.155932, 0.320691, -0.578135
-0.408639, -0.027099, -1.002554, -0.332717, 1.033492, -0.735299, -0.718855, -0.099359, 0.735299, -0.509523, -0.103133, -0.264335, -0.016013
-0.377067, 0.104479, -0.557803, -0.226214, -0.405432, -0.861942, -0.573785, 0.297238, 0.861942, -0.587754, 0.044832, -0.080248, -0.079057
-1.604031, -0.368393, 1.199026, -0.954949, -0.364506, -0.128610, 1.853492, 0.862322, 0.128610, -0.207009, -0.997407, 0.842119, 0.919081
-0.224529, 0.218124, -0.058197, -0.078568, 0.041280, -0.171845, 0.081096, -0.004880, 0.171845, -0.103871, -0.146334, -0.104389, 0.040728
-0.118427, 0.168800, -0.081835, -0.266346, 0.001013, -0.184241, 0.239941, -0.128118, 0.184241, -0.003070, -0.270757, -0.005439, 0.158194
2.497893, -0.562496, -2.832280, 0.019323, -0.888687, -0.856419, 0.194457, -1.512058, 0.856419, 1.148867, 4.699455, 1.004921, -1.019379
-0.349608, 0.104694, 0.047601, -0.128282, 0.346205, -0.060295, 0.112184, 0.112716, 0.060295, -0.000302, -0.086924, 0.049017, -0.111539
-0.415526, 0.330355, -2.414511, 0.067385, -1.001778, -0.309879, -0.048102, 0.019277, 0.309879, 0.062800, 1.294121, 1.088616, -5.002706
-0.246629, 0.215227, -0.002402, -0.072334, -0.060145, -0.114818, 0.003598, -0.160520, 0.114818, -0.178508, 0.016316, 0.008017, 0.152908
1.128783, -1.024611, 0.659718, 0.907924, -0.030594, 0.895525, 0.664770, -0.261113, -0.895525, 0.481382, 0.643299, -0.408264, -0.388194
-0.582958, 0.314271, 0.249331, -0.318600, -0.080360, -0.063902, 0.533387, -0.235016, 0.063902, -0.462431, -0.098179, 0.040425, -0.011842
0.094346, -0.333729, 0.169126, -0.532699, -1.116954, 0.678995, 0.804379, -0.609297, -0.678995, -0.712694, -2.271591, 1.132346, -1.320454
0.145825, -0.513326, -0.371101, -0.455108, -1.011622, -0.083017, 0.950000, 0.493445, 0.083017, 0.109642, -0.453674, -0.229637, -0.524842
-0.678103, -0.092205, 0.562608, -0.656684, 0.720462, 0.784585, -0.101489, -0.338390, -0.784585, 0.858420, -2.260008, -0.743149, 0.077211
-0.228582, 0.141277, -0.027618, 0.029563, -0.036638, 0.023990, -0.046603, -0.078991, -0.023990, -0.056218, 0.091261, 0.005043, 0.034558
0.281742, -0.111850, 0.396450, -0.193923, 0.079679, 0.994355, -0.064144, 2.985082, -0.994355, 0.000850, -1.048295, -0.318130, -1.877142
0.536785, -0.281323, 1.163569, 0.092928, 0.362255, 0.243227, 0.301606, -0.186172, -0.243227, -0.811421, 0.320398, -0.429445, -0.444497
1.668288, -1.703117, -0.024038, 0.771875, 0.560493, 1.621042, 1.320729, 0.486379, -1.621043, 0.078222, 0.279730, 0.223777, 0.450561
-0.256143, 0.146365, -0.209779, -0.157144, 0.195385, -0.217891, 0.111908, -0.022882, 0.217891, 0.193899, -0.009043, -0.031153, 0.056572
-1.059984, -0.024569, -0.021282, -0.507645, -0.315096, 0.309457, 1.130166, 0.138412, -0.309457, 0.612062, -1.877125, 0.140764, -1.344626
-0.140036, 0.126384, -0.269903, -0.318711, -0.028094, -0.302479, 0.314220, -0.327743, 0.302479, 0.246886, -0.197820, 0.141123, 0.101736
-1.354580, 1.611256, 0.020801, -1.074100, 0.603952, -0.047814, 0.002180, -0.259934, 0.047814, -0.024181, 0.005415, 0.541973, 0.030634
-0.038111, -0.036687, -0.384969, -0.147688, 0.019405, -0.044166, -0.034027, -0.103853, 0.044166, -0.160644, 0.122571, -0.210633, 0.006652
-0.346850, 0.293856, 0.706765, 0.338162, -0.650953, 0.224399, 0.002402, -0.566087, -0.224399, 0.780872, -0.484083, -0.239557, -0.129334
0.078828, 0.259292, 0.162430, 0.059208, 0.400502, 0.027111, -0.047832, -0.062725, -0.027111, -0.087534, 0.216190, 0.210658, -0.071913
-3.666103, -0.123142, 0.017060, -0.630476, 0.400615, 0.443475, -1.028595, 0.040732, -0.443475, 0.156141, -1.759847, -0.684983, 0.347310
-0.172906, 0.105746, 0.077486, -0.334786, 0.272961, -0.479079, 0.293227, 0.069206, 0.479079, 0.005224, -0.015495, 0.112496, 0.121794
-0.225655, 0.015422, 0.340253, 0.577834, -0.134220, 0.148308, -0.348143, 0.482774, -0.148308, 0.852559, 0.145420, -0.239718, -0.640134
-0.233308, -0.786814, 0.726211, -0.558854, 0.533711, 0.507722, -0.306712, 0.102456, -0.507722, 0.133963, 0.580471, 0.496348, 0.552643
-1.048919, 1.178719, -0.071530, 0.630534, 2.738975, 0.998689, 0.700883, 2.064697, -0.998689, -0.443801, 0.499849, 0.727187, -3.107020
0.248217, -0.064376, 0.214297, 0.131820, -0.137205, -0.167883, -0.336550, -0.278899, 0.167883, -0.175621, 0.304975, -0.424322, -0.342386
0.768514, -1.768900, 0.305924, 2.662094, -0.428320, 0.151113, -2.518336, 0.136928, -0.151113, -0.815277, -0.814356, 1.525362, -1.558107
-0.672461, 0.501898, 0.097721, 0.080580, 0.534684, 0.145180, -0.743087, -0.791124, -0.145180, 0.157834, -0.622090, -0.507357, -0.749777
-0.154682, 0.094939, -0.153759, -0.496147, 0.083010, -0.874173, -0.635075, 0.412735, 0.874173, -0.447554, -1.233248, -0.548360, -0.110944
-0.122917, 0.162119, 0.090001, 0.020207, -0.111580, -0.214508, -0.129255, -0.155541, 0.214508, -0.148668, 0.018313, 0.030309, 0.192516
-0.759386, -0.712441, 2.205397, 0.981228, 0.910045, -0.117261, -1.972245, 0.256659, 0.117261, 0.279702, -0.916023, 1.346283, 0.049414
-0.178557, 0.077031, -0.007211, -0.072536, -0.024478, -0.158576, -0.030631, -0.079347, 0.158576, -0.022607, 0.015150, 0.086317, 0.086174
0.361253, -0.703457, 1.305239, 0.207643, -0.010121, -0.701798, -0.435375, 0.815686, 0.701798, -1.055168, 0.018308, 0.218318, 1.068520
-0.063712, -0.311577, -0.052485, 0.118208, 0.037897, 0.029518, 0.239241, -0.632233, -0.029518, -0.304854, -0.431662, 0.283804, -0.195243
-2.164463, 1.106343, 2.480725, 1.329023, 0.930255, -0.081316, 0.307763, 1.018049, 0.081316, -0.914709, -2.190812, -0.561550, -1.363084
-0.208469, 0.076110, 0.084888, 0.121305, 0.346184, -0.492359, -0.090864, 0.226935, 0.492359, 0.145600, 0.035325, -0.163021, -0.042380
0.538488, 0.314289, 2.441779, 1.920778, -0.207737, 1.145222, 0.838920, 0.475156, -1.145222, -0.287199, -0.581153, -0.052074, 0.015274
-0.045266, -0.006200, -0.400805, -0.271334, 0.206165, -0.285553, -0.094239, 0.046578, 0.285553, 0.103174, -0.244474, -0.231901, -0.160318
0.395972, 0.414632, 1.398030, 1.510081, 0.608545, -1.521223, 0.399098, 2.685545, 1.521223, 1.245157, 0.322017, -2.146518, 0.221701
-0.497966, 0.175422, -0.010395, -0.167051, 0.301529, -0.023781, -0.439138, 0.441878, 0.023781, -0.008402, -0.128501, -0.279555, -0.397708
-0.354272, 0.220617, -0.252705, 0.445816, 0.959832, -0.073917, -0.602722, 0.056738, 0.073917, -0.309451, 0.481972, -0.417954, -0.245793
-0.136029, 0.441749, 0.813356, 0.083705, -1.225165, -0.090921, 0.337585, -1.108422, 0.090921, 0.003662, -0.071400, -0.119500, -0.488935
-1.225106, 0.640346, -0.843545, 0.027629, -0.278348, 2.072341, -0.785924, 0.624167, -2.072341, 0.001723, -0.244350, -0.672245, 0.909340
-0.214355, 0.130346, -0.095364, -0.079313, -0.035593, -0.062596, 0.017609, -0.098912, 0.062596, 0.017205, -0.024239, 0.037125, 0.054765
-0.948351, -0.837195, 0.213366, 0.745426, -0.245677, 0.265567, -0.024532, -0.246667, -0.265567, 0.542919, -1.243013, -1.795501, -0.270747
0.354526, -0.028228, 0.008344, 0.346087, 0.445221, -0.146153, 0.089159, -0.120371, 0.146153, 0.002345, 0.165496, 0.147792, -0.377496
-0.141921, -0.054456, -0.004454, 0.101600, 0.340478, 0.011413, -0.191033, 0.050876, -0.011413, 0.037119, 0.067312, -0.188211, -0.176681
0.212115, -0.232044, -0.332156, -0.003107, 0.302695, -0.216770, -0.457169, 0.030838, 0.216770, 0.066518, 0.197743, -0.199407, -0.309998
0.589716, 0.258025, -0.530714, 0.696877, -0.269148, -0.338137, -1.026814, 0.054308, 0.338137, 0.743613, 0.709255, -1.189198, -0.004936
-0.175962, 0.015097, 0.041289, -0.068115, 0.244325, -0.122477, -0.023778, -0.084918, 0.122477, -0.021140, 0.049482, 0.092040, 0.075148
-0.956194, 0.455051, -0.772088, -0.074122, 0.207826, -0.923138, -0.443683, 0.755444, 0.923138, -0.108676, 0.213256, 0.048938, 0.125875
-0.135136, 0.040104, -0.009936, -0.081030, -0.036588, -0.250737, -0.024090, -0.037488, 0.250737, 0.027120, 0.057079, 0.173543, 0.092889
-0.189331, -0.276428, -0.061159, 1.916994, -1.271360, -0.309327, -0.086774, 0.254894, 0.309327, 0.088383, -0.089798, 0.166115, 0.075249
-0.253233, 0.239188, -0.139618, 0.090645, 0.294812, -0.086081, -0.033315, 0.068297, 0.086081, -0.109020, 0.200110, 0.167874, -0.022501
0.141334, 0.044083, 0.010552, 0.297406, 0.335761, -0.160713, -0.177682, 0.160864, 0.160713, -0.175245, 0.374631, -0.092284, -0.311886
0.035152, 0.053056, -0.083417, -0.218350, 0.025211, -0.102774, 0.081466, -0.197389, 0.102774, 0.095515, -0.227520, 0.353552, -0.059136
0.222193, 0.037438, -0.189532, 0.219560, 0.456282, -0.120480, -0.131172, -0.338834, 0.120480, -0.405429, 0.288485, 0.053832, -0.249047
-0.007062, 0.118878, -0.101510, -0.079978, 0.134797, -0.155343, -0.057646, 0.057948, 0.155343, -0.050321, 0.087648, -0.024503, -0.096802
0.037857, 0.182599, -0.103062, 0.345957, 0.507501, -0.093745, -0.007565, -0.004187, 0.093745, -0.097702, 0.416928, 0.007051, -0.381745
-0.499659, -0.247106, 0.459825, 0.314939, 0.718921, -0.124211, 0.029412, -0.345720, 0.124211, -0.186509, 0.266887, 0.280056, -0.298346
0.079037, -0.218569, -0.401840, 0.183000, 0.204849, 0.037073, -0.243433, -0.053090, -0.037073, -0.071216, 0.240645, -0.136596, -0.068513
-0.299904, -0.395859, 0.029986, -0.233695, 0.100021, -0.258387, 0.376514, -0.622919, 0.258387, 0.084546, -0.023276, 0.214660, 0.086775
0.153055, -0.015374, -0.172582, 0.283289, 0.545168, -0.087354, 0.048373, -0.032417, 0.087354, -0.082056, 0.399968, -0.023688, -0.406231
-0.339792, 0.030181, -0.005443, -0.153808, 0.488286, 0.042123, 0.212004, 0.141564, -0.042123, 0.192370, 0.040365, 0.129592, -0.081312
0.034321, -0.186609, 0.324134, -0.243159, -4.889695, 0.349188, -4.655746, 0.469112, -0.349188, 2.250193, -0.149684, -0.167209, -0.666788
-0.037719, 0.096206, 0.230564, -0.120570, -0.022700, -0.145290, 0.202389, -0.648368, 0.145290, 0.040880, 0.094449, -0.003736, 0.339383
0.033702, -0.547081, -4.161709, 0.612679, 0.344236, -1.315430, 0.579231, 4.986443, 1.315430, 1.056826, -0.017309, 0.083323, 0.543165
-0.120732, -0.195757, 0.037884, -0.064842, 0.167779, -0.010176, -0.412851, 0.046687, 0.010176, -0.133637, -0.029239, -0.191154, 0.439932
-0.125612, 5.139031, -0.340893, 1.086029, 0.192735, 4.887560, 1.253902, 2.310574, -4.887560, -0.677021, 1.645515, -0.656504, 0.175605
0.414321, 0.719790, -1.069124, -0.036241, 0.130154, -0.029443, -1.178279, 0.050562, 0.029443, 0.387942, -0.883650, -1.661531, -1.362114
0.712036, -0.611499, 0.318355, -0.197401, -0.399497, 0.399514, 0.768740, -0.374614, -0.399514, 0.265748, 0.625156, -0.724302, 0.453688
-0.808333, 0.289113, 0.086884, 0.106779, 0.584411, 0.060360, -0.031421, 0.452621, -0.060360, -0.020874, 0.083476, -0.099512, 0.551245
-1.083526, -0.724328, 0.520366, 0.273854, -0.327393, 0.109635, -5.947319, 0.080613, -0.109635, -0.502191, 1.277444, 2.019043, -0.026705
-0.127137, 0.592495, -0.234197, -0.476454, 0.455095, -0.131053, -0.274635, 0.107188, 0.131053, 0.450418, -0.197438, 0.046336, -0.172203
6.399555, -3.564349, 2.629274, -0.821158, 0.577458, 0.808674, -0.099067, 0.007528, -0.808674, -0.678145, 1.124946, 0.757384, 0.175772
-0.298165, 0.376123, 0.218781, 0.159489, 0.380345, -0.234260, 0.072272, -0.431427, 0.234260, -0.490176, -0.151497, -0.178621, 0.336415
0.472144, 0.808601, 0.937297, -0.028113, 0.326144, 0.233151, 1.351214, -0.152446, -0.233151, -0.159871, 0.161245, -1.868912, -0.463972
-0.052605, 0.142420, 0.006917, -0.382043, 0.146796, -0.221828, -0.011219, -0.005120, 0.221828, 0.402661, 0.151940, 0.090370, -0.120728
1.049469, 2.699987, 0.027785, -0.393173, 1.312931, -0.173577, -0.576575, 0.409320, 0.173577, -3.603395, -0.525821, 0.682967, -3.907064
-0.156775, 0.353504, -0.548653, 0.173555, 0.324759, 0.216167, -0.395394, -0.114106, -0.216167, -0.146908, -0.130154, -0.364867, 0.227996
0.045546, 0.262713, 0.036041, 0.068160, 0.305647, 0.161543, 0.278937, -0.069601, -0.161543, 0.135272, 0.047831, 0.541717, -0.609306
0.036442, 0.020226, 0.121212, 0.209756, -0.211048, -0.000601, -0.079773, -0.214607, 0.000601, -0.116349, -0.143391, -0.452011, 0.359270
-0.205167, 0.850707, 0.293410, 0.006013, -0.022315, 1.040916, -0.382807, 2.625723, -1.040916, 0.386967, -0.605166, -0.237376, 0.075314
-0.048487, 0.328871, 0.488988, 0.470502, 0.369623, -0.343913, -0.484259, 0.241762, 0.343913, 0.123495, -0.117325, -0.217374, 0.200661
-1.377312, -3.179735, -2.198039, 5.710878, -0.243463, 0.415137, -0.149895, -0.213060, -0.415137, 2.352571, 0.468165, -0.751171, 1.946997
-0.003371, 0.354033, 0.567558, 0.332969, 0.191396, -0.153908, -0.322661, -0.112651, 0.153908, -0.275967, -0.443184, -0.020128, 0.298466
0.538023, -1.086619, 0.407900, 0.686138, -2.003972, 0.895893, 1.421989, 0.010615, -0.895893, -1.531651, 1.592917, 1.071239, -7.638244
-0.294912, -0.009494, 0.010749, -0.055769, 0.130682, -0.082462, -0.181207, -0.087797, 0.082462, -0.160716, -0.006124, -0.230282, 0.191776
0.395960, -0.703563, -0.500731, -0.010690, -0.912740, -0.275802, 1.291945, -0.857403, 0.275802, 0.867971, -9.643732, 0.705631, 1.741821
-0.340802, 0.181657, -2.777395, -0.751561, 1.001339, 0.109624, 0.725700, 0.432684, -0.109624, 1.675448, -0.488810, 0.136560, -1.202299
0.626455, -3.033744, -0.361319, -0.326188, 0.763416, -1.152821, -1.054018, -1.083366, 1.152821, -5.594706, -0.445747, -0.992664, 1.206924
0.619656, 1.209663, 1.675915, 0.328486, 2.135288, 0.443671, -0.384807, -1.164106, -0.443671, -0.178386, 0.282009, -0.642646, -0.500865
0.644971, -0.818499, 3.608491, 0.276323, -2.555044, 1.366379, 0.169149, 0.248127, -1.366379, -0.093237, 3.560951, -0.721645, -0.240559
0.459050, 0.023130, -0.200712, 0.013732, 0.732547, -0.040874, -0.219403, 0.567236, 0.040874, 0.605284, -0.077567, -0.132239, 0.399175
0.100421, -0.739577, -0.524021, -0.163731, 1.709015, -0.069177, 0.438292, -0.647668, 0.069177, -1.323177, -0.646920, -0.982225, 1.607552
-0.090790, 0.584817, 0.529459, 0.066608, 0.584796, 0.081727, -0.316375, -0.073194, -0.081727, 0.417470, 0.088177, 0.215119, -0.021898
0.428310, -0.286439, 0.871057, 0.054204, 0.059412, 2.513141, 1.666648, 0.505794, -2.513141, -1.492469, 0.308120, -0.410335, 0.521088
-1.124717, 0.521747, -0.095454, -0.594055, -0.321489, -0.414849, 0.106051, -0.036176, 0.414849, 0.156671, -0.596721, 0.055729, -0.434324
-2.516352, -0.453056, -0.548465, 0.409430, 0.251893, 1.520363, 1.408770, 1.079193, -1.520363, 2.609400, -0.038786, 0.060965, 0.067428
-0.255132, 0.120393, 0.480093, 0.446088, 0.883037, -0.118695, 0.766304, 0.489292, 0.118695, -0.298118, 0.139275, 0.051425, 0.268604
-1.210306, -0.470024, 1.125603, 0.099266, -0.500439, 0.131811, 2.954848, -0.440550, -0.131811, -0.831199, 1.794260, 0.411324, -1.006927
0.197890, 0.494174, 0.035488, 0.216749, 0.082957, -0.228015, 0.384275, -0.000753, 0.228015, 0.154825, 0.290178, 0.158748, 0.102987
-5.267640, 1.181864, -0.710796, 0.392397, -0.711475, -1.773335, 1.289113, -0.803280, 1.773335, 0.919843, 3.253300, -0.551763, -0.249383
0.010941, 0.210548, -0.052834, 0.402700, 0.004425, 0.025404, -0.234961, -0.018669, -0.025404, -0.276857, -0.131825, 0.024524, 0.456452
-1.068073, 0.107330, -0.857129, -0.280363, 8.235490, -0.197408, 0.651460, -0.614470, 0.197408, -1.993496, 1.256634, 0.489057, 1.308223
-0.187810, 0.350565, -0.201328, -0.201274, 0.136389, 0.043707, -0.249550, 0.172470, -0.043707, 0.133521, 0.075455, 0.082870, 0.097864
0.696429, -1.217487, -0.477739, -0.244351, -0.088403, 0.929419, 1.715170, -12.787621, -0.929419, 0.223100, -0.096263, -0.243016, -0.966772
-0.167653, 0.152783, -0.447354, -0.168897, -0.144019, -0.092634, -0.444434, 0.012498, 0.092634, 0.191124, -0.007309, -0.056305, -0.004823
0.035441, -0.425338, -12.234755, 0.984795, -0.505969, 1.958215, 0.335844, -0.668248, -1.958215, -1.646034, -0.290013, -0.162536, 0.002461
0.556781, -0.483095, -0.557373, -0.119393, 0.436251, 0.379359, -0.551053, -0.288181, -0.379359, 0.155908, -0.050229, -0.074478, -0.664267
-0.438693, 0.296909, -1.528692, -0.422797, -0.425688, -0.194610, 0.034009, -0.242696, 0.194610, -0.115156, 0.150377, 0.527250, -1.190132
-0.316600, 0.395824, -0.351686, -0.071804, 0.775325, -0.693678, -0.529927, -0.169868, 0.693678, -0.100899, -0.417126, -0.342086, 0.601937
-0.968423, 1.055753, -0.221071, -1.472703, 1.252355, -1.359233, -1.452038, 1.292864, 1.359233, -0.755960, -0.247452, -0.894229, 1.349373
0.380541, 0.204712, -0.383940, -0.123374, 0.139619, -0.275139, -0.377719, 0.692724, 0.275139, 0.260191, 0.703732, -0.178024, 0.008849
-0.007663, 0.126345, -2.111373, -0.943096, -1.413289, 0.647006, 0.740689, 1.124746, -0.647006, -0.309550, -1.171839, -2.556591, 1.006322
0.285708, 0.739338, -0.175388, -0.502867, 0.415718, -0.761245, -0.285264, 0.354392, 0.761245, -0.437354, -0.426517, -0.619980, -0.093371
0.401131, -0.321478, 0.316017, -2.369289, 0.498401, -0.395499, 1.576077, 0.592675, 0.395499, 0.155652, -0.184523, -0.834181, -0.236962
-0.260239, -0.061962, 0.003329, -0.222358, 0.124653, -0.196037, -0.170817, -0.163928, 0.196037, -0.018711, 0.050641, -0.204215, 0.181711
-1.027598, -0.900146, -0.448674, -4.979018, -2.076286, -2.848418, 0.388612, 0.670762, 2.848418, -0.752848, -0.895340, 0.161766, 0.196512
-0.105546, 0.170717, 0.090498, 0.041399, 0.056159, -0.050247, -0.052083, 0.136503, 0.050247, -0.180699, -0.058278, 0.146775, 0.005246
-0.485014, 1.179868, 0.162288, 0.049669, -1.427604, 0.776376, 1.368614, 1.380156, -0.776376, 0.941880, -1.104643, 0.538573, -0.729611
0.077768, 0.238699, 0.033374, 0.183394, 0.039423, -0.087473, -0.317277, 0.153328, 0.087473, -0.308650, -0.029410, 0.088659, 0.208552
-0.614100, -1.109683, 0.210148, -3.826533, 0.329225, 6.362647, -1.989213, -0.185812, -6.362647, -0.227276, -0.865648, 0.117918, 0.156093
0.083272, -0.274548, 0.193578, 0.244513, -0.171236, 0.039791, -0.154501, 0.034024, -0.039791, -0.399617, -0.157189, 0.162826, 0.123888
-0.613156, -0.620298, -1.414930, 0.407055, -8.424551, -0.151018, -0.134069, -0.903637, 0.151018, 0.429833, 0.564441, 0.635782, -1.049683
-0.043712, 0.204256, 0.293921, 0.253210, 0.067742, -0.065136, -0.350602, 0.185621, 0.065136, -0.419905, -0.003221, 0.048913, 0.173900
1.891539, -0.743911, -0.791812, -1.044566, 0.527212, 0.506671, -0.120025, 4.358570, -0.506671, 1.551284, 0.379506, -0.108585, -0.699220
-0.080127, 0.233267, 0.070930, 0.125036, 0.017283, -0.055363, -0.312940, 0.248613, 0.055363, -0.177928, -0.076108, -0.016920, 0.083438
1.089801, -3.029553, 1.208568, -0.223460, -1.787700, -0.595827, 1.895986, -0.800319, 0.595827, 0.525594, -0.357222, -2.382847, -0.272765
-0.033225, 0.191294, 0.001907, 0.001139, 0.060177, -0.051989, -0.106978, -0.035207, 0.051989, 0.002211, -0.043814, 0.043152, 0.030344
0.329221, -0.949743, -0.148595, -5.122445, -0.613946, 1.948680, 0.779018, -1.261264, -1.948680, 0.879482, 0.251951, -1.026606, 0.263697
-0.618943, 0.380983, 0.504728, 0.146506, -0.371015, -0.399570, 0.162237, -1.654482, 0.399570, 0.554466, -0.573271, -0.147686, 0.503999
0.295288, -0.198387, -0.023009, -1.302726, -0.768400, -0.096496, 0.872710, -0.488115, 0.096496, 0.050114, 0.607014, -1.040341, 1.295570
-0.172236, 0.041896, -0.032888, -0.136662, 0.260263, -0.125611, 0.043363, -0.031254, 0.125611, 0.058482, 0.050432, 0.046234, -0.049899
-1.005173, -0.183425, 4.245483, 1.920828, -0.016306, 2.076378, 1.666576, 0.303662, -2.076378, 1.141669, -0.167066, -1.219488, -2.019953
0.058858, 0.336611, -0.199508, -0.005753, 0.120549, -0.241505, 0.172531, 0.017176, 0.241505, 0.565059, 0.669802, 0.207386, -0.199230
1.032358, 0.353595, 0.486767, 0.672343, -0.001074, -0.047959, -0.367463, 0.297249, 0.047959, -1.163519, -0.144005, -0.551812, 0.637505
1.233765, 0.255526, 0.153238, 0.093726, -0.154404, -0.551660, 0.389223, 0.735178, 0.551660, -0.233220, 0.028115, -0.094197, -0.556365
0.534306, 0.091612, -0.012943, 0.536890, 0.979294, 0.119992, -0.185566, -0.113577, -0.119992, -0.255735, 0.561104, -0.018562, 0.208188
0.107702, -0.229620, -0.142949, -0.085066, 0.301580, 0.038685, -0.105582, 0.119541, -0.038685, -0.003154, -0.056980, -0.076630, -0.218677
-0.085009, 0.108499, 0.230494, -0.030484, 0.593777, -0.205429, 0.474099, 0.164535, 0.205429, -0.151141, 0.120756, 0.411098, -0.180127
-0.147998, 0.242916, 0.009564, -0.080099, 0.149161, -0.238673, -0.034459, 0.104939, 0.238673, -0.049312, 0.109330, -0.217465, -0.027923
0.230003, -0.246844, 1.047794, 1.461601, 0.244084, 0.650117, -0.701975, -0.464076, -0.650117, 0.768898, 0.256456, 0.672926, -2.002808
0.002069, 0.161464, -0.185439, 0.016998, -0.129527, -0.160503, 0.015152, -0.191942, 0.160503, 0.045793, 0.106153, 0.011956, 0.082967
0.387352, -0.501557, -1.102866, 0.893160, 0.493540, 1.250626, 0.677944, -1.510864, -1.250626, 1.168952, 0.813419, -0.450579, -0.171894
-0.155298, 0.114465, -0.114760, 0.023829, 0.033756, -0.087584, -0.079658, -0.131493, 0.087584, -0.029497, 0.001747, -0.045220, 0.065658
0.407252, -1.887803, 0.311095, 1.918212, -0.426216, -1.276837, 0.072798, 0.694183, 1.276837, -0.663834, -0.596474, 0.855614, 0.575078
-0.282805, 0.060364, -0.020127, -0.102190, 0.355955, -0.111564, -0.056380, -0.015467, 0.111564, 0.059912, -0.098268, -0.163995, 0.004775
-0.504813, -0.825871, 1.238579, 0.527049, -2.116422, -0.984488, 0.367569, 1.521952, 0.984488, -0.501351, 0.910510, -3.514673, -0.267516
-0.087645, 0.270926, -0.168790, -0.101459, 0.282135, -0.163489, 0.408234, -0.032704, 0.163489, 0.104723, -0.021132, 0.090108, -0.122804
1.128783, -1.024611, 0.659718, 0.907924, -0.030594, 0.895525, 0.664770, -0.261113, -0.895525, 0.481382, 0.643299, -0.408264, -0.388194
0.132609, -0.107250, -0.140974, -0.128340, 0.598474, -0.095992, -0.046623, 0.569709, 0.095992, 0.277554, 0.343023, -0.236838, 0.382054
-0.166408, -0.996403, 1.459833, 2.458303, -0.442144, 0.294718, 1.074914, -1.175581, -0.294718, -0.844722, -0.449284, 6.222079, 0.103215
-0.021860, 0.131413, 0.213722, 0.017809, 0.052939, -0.121806, -0.083629, 0.106235, 0.121806, -0.157771, 0.138798, 0.080655, -0.013329
-2.394137, 0.821840, -0.404416, -0.427389, 0.524881, -0.381495, 0.164772, 0.998781, 0.381495, -0.886194, -1.454122, 1.693428, 1.233364
-0.060963, 0.139014, 0.146045, 0.010325, 0.100471, -0.069460, -0.308307, 0.034305, 0.069460, -0.227852, 0.008151, -0.018915, 0.073830
-0.103429, -1.005914, -1.083874, 0.376981, 0.320684, 0.346112, 0.525565, -0.748784, -0.346112, -0.540155, 0.217156, 0.587366, 0.791222
-0.238624, 0.206350, -0.043021, 0.002241, 0.107145, -0.069883, -0.448096, -0.104816, 0.069883, -0.204437, -0.115792, -0.326699, 0.155746
-0.112271, 0.183541, -0.232192, -0.154457, 0.243839, -0.219978, -0.087447, -0.138020, 0.219978, 0.106272, 0.070984, 0.115086, 0.022385
-0.310831, -0.087940, 0.303281, -0.381173, -0.396439, 0.042810, -0.015637, -0.004375, -0.042810, 0.345603, -0.052619, 0.404091, 0.461321
-0.056247, 0.034726, -0.053271, 0.299284, -0.038950, -0.313103, -0.295425, -0.084342, 0.313103, -0.315783, -0.170627, -0.159942, 0.116708
-0.178472, 0.147220, -0.233256, 0.041282, -0.085878, -0.292005, -0.048725, 0.109054, 0.292005, -0.009508, 0.086379, -0.120153, -0.010851
0.131013, 0.243535, -0.228791, 0.097408, 0.073144, -0.118072, -0.120963, 0.042131, 0.118072, -0.209651, 0.258717, 0.005682, -0.187109
-0.000240, 0.238200, -0.017922, 0.068900, 0.182442, -0.024017, -0.262440, 0.183249, 0.024017, -0.195231, -0.183249, -0.146562, -0.055735
-0.001247, 0.050904, 0.232750, 0.194549, -0.060144, -0.145344, -0.170403, 0.111631, 0.145344, -0.399618, -0.215895, -0.097756, -0.043054
-0.078346, 0.082521, -0.010242, 0.025764, 0.082800, -0.147186, 0.015707, 0.081349, 0.147186, -0.105731, -0.111090, -0.003960, 0.077794
-0.086136, 0.229879, -0.093075, 0.074983, 0.103224, -0.166887, -0.179434, 0.157098, 0.166887, -0.268062, -0.119622, 0.001146, 0.085217
-0.137716, 0.200104, -0.074607, -0.032691, 0.058077, -0.104817, -0.116806, 0.057132, 0.104817, -0.070785, -0.222734, -0.025020, 0.032523
-0.127046, -0.038609, 0.651750, -0.090931, 0.237194, -0.257931, -0.005884, -0.233110, 0.257931, -0.093434, 0.083470, 0.135909, 0.026282
-0.088822, -0.331032, 0.124482, -0.822898, -0.900144, -0.176417, -0.082316, -0.192900, 0.176417, 0.791388, 0.478893, 0.580956, -1.008785
0.198985, 0.370787, -0.239462, 0.303150, 0.476443, -0.549706, 0.601359, -0.287865, 0.549706, 0.223114, -0.179970, 0.420675, 0.507269
0.464589, 0.298374, -0.143336, 0.113655, 0.149537, -0.039136, -0.169385, -0.205133, 0.039136, -0.182931, -0.283624, -0.314643, -0.347706
-0.357538, -0.049090, 0.017405, -0.102617, 0.289977, -0.003708, -0.128985, -0.218134, 0.003708, -0.087326, -0.081709, 0.096725, 0.107183
0.265783, 0.342699, -0.077052, 0.295550, 0.911737, -0.754601, 0.386991, 0.294287, 0.754601, 0.415123, 0.755730, 0.220629, -0.070599
0.215661, 0.242296, 0.077258, 0.106890, 0.476613, 0.042001, 0.641143, -0.164957, -0.042001, 0.076068, 0.193022, 0.003404, -0.196722
-0.118759, 0.073619, -0.172110, -0.228065, 0.493690, -0.223814, -0.098919, 0.129809, 0.223814, 0.091383, -0.196188, -0.057845, -0.202114
0.248236, 0.390996, 0.358327, 0.030462, 0.193854, -0.141390, -0.062809, 0.017302, 0.141390, -0.204637, 0.564653, 0.215066, 0.238837
-0.311745, -0.112747, -0.358607, -0.019354, 0.044738, 0.017677, -0.376507, -0.239044, -0.017677, 0.031775, -0.282359, -0.440960, -0.172396
-0.099057, -0.176717, -0.037710, 0.161647, 0.024328, 0.036473, -0.353099, -0.322484, -0.036473, -0.024376, -0.015955, 0.008948, -0.159936
-0.137834, 0.135145, 0.114551, -0.061693, -0.065360, -0.137270, -0.075855, 0.185663, 0.137270, -0.097721, 0.102490, -0.343452, -0.149744
-0.229566, 0.084554, 0.030971, -0.002254, -0.063817, -0.049227, -0.185526, -0.052702, 0.049227, -0.082361, -0.329576, 0.029182, -0.164637
-0.206794, 0.220977, 0.090115, -0.020963, 0.084310, -0.203983, -0.056099, 0.080293, 0.203983, -0.144451, -0.103214, -0.018738, 0.082400
-0.136820, 0.098495, 0.025471, -0.167783, 0.030946, -0.280887, 0.167144, -0.130567, 0.280887, 0.068956, -0.213804, -0.120352, 0.086053
-0.099662, -0.042336, 0.065051, 0.003013, 0.023078, -0.308093, 0.088392, -0.046316, 0.308093, -0.045110, -0.013971, -0.259356, 0.056201
-0.286672, 0.091381, 0.025504, -0.217202, 0.122814, -0.286208, 0.226685, -0.211981, 0.286208, 0.316295, 0.057432, -0.001702, 0.021141
-0.090006, 0.626092, -0.355735, -0.384401, -0.245072, 0.253040, -0.356127, -0.339074, -0.253040, 0.044226, -0.847319, 0.381581, -0.476941
-0.090159, 0.091550, -0.123652, -0.077729, 0.424318, -0.050177, -0.078124, 0.073429, 0.050177, 0.011933, 0.343867, -0.077669, -0.105032
-0.690805, -0.385248, -1.088641, 0.211049, -1.113730, -0.579968, 0.101716, 0.837559, 0.579968, 1.070778, 0.474072, -0.191721, -0.739757
0.276284, -0.074000, -0.342477, 0.018350, 0.313268, 0.017219, 0.108598, -0.399779, -0.017219, -0.062708, -0.812993, -0.194181, -0.290818
-0.181496, 0.129096, 0.089287, -0.047455, 0.289335, -0.042091, -0.047764, -0.116103, 0.042091, -0.133614, -0.194310, -0.006614, -0.041692
-0.182058, 0.002278, -0.178328, -0.144875, 0.296352, -0.233779, 0.272028, -0.147561, 0.233779, -0.172286, -0.098200, 0.123104, 0.219477
-0.156705, 0.078802, 0.196586, 0.032498, 0.240497, -0.172946, -0.355987, 0.007924, 0.172946, -0.132341, 0.039976, -0.140392, 0.335574
-1.158533, 0.268752, 0.106042, 0.470361, -0.062162, -0.036516, 0.169732, -0.333041, 0.036516, -0.894822, 0.187470, -0.167284, -0.182512
0.457315, 0.275310, -0.306004, -0.148149, -0.183657, -0.337684, 0.205332, 0.206064, 0.337684, 0.016150, -0.030809, -0.423883, -0.636719
-0.031972, 0.084960, 0.223567, 0.222244, -0.304631, -0.107086, 0.215681, -0.303456, 0.107086, -0.043209, 0.439271, 0.322546, 0.188839
-0.339828, 0.062178, -0.294219, 0.053624, -0.340409, -0.168051, 0.170628, -0.225409, 0.168051, 0.185655, -0.027777, 0.460920, -0.035189
-0.295024, 0.227766, -0.336198, -0.052739, 0.388526, 0.012721, 0.270432, -0.048394, -0.012721, 0.048911, 0.110921, 0.317831, 0.016850
-0.130517, 0.168355, -0.189307, -0.052302, 0.236974, -0.088019, -0.186732, 0.068264, 0.088019, -0.192336, -0.161805, -0.306551, -0.332068
-0.260121, 0.222286, 0.126489, -0.161395, 0.163365, -0.344806, 0.423196, 0.034985, 0.344806, -0.046178, 0.024237, -0.134660, 0.019194
-0.227311, 0.040237, -0.161555, -0.332590, 0.163500, -0.318415, 0.420313, -0.299759, 0.318415, 0.328076, -0.066604, 0.122214, 0.062524
0.213482, -0.115597, 0.520021, -0.450012, 0.157784, -0.115772, -0.162410, -0.075342, 0.115772, -0.694985, 0.140290, -0.188627, 0.101100
-0.176952, 0.136734, 0.036674, -0.031634, 0.203327, -0.180047, 0.139547, 0.150906, 0.180047, 0.038202, 0.078992, 0.004922, -0.146988
-0.183894, 0.166138, 0.046625, -0.222621, 0.075202, -0.219261, 0.224524, -0.052815, 0.219261, 0.288714, 0.050285, 0.110041, -0.105071
-0.049456, 0.194475, 0.024341, -0.100444, 0.215558, -0.161394, 0.089888, 0.063063, 0.161394, 0.394570, 0.171246, 0.269054, -0.082006
-0.202566, 0.095677, 0.008328, -0.181334, 0.065191, -0.167111, 0.164779, -0.041040, 0.167111, 0.070929, 0.024019, 0.104308, 0.002216
-0.213360, 0.131201, -0.054204, -0.116812, 0.015191, -0.122965, 0.022838, -0.059938, 0.122965, 0.036191, 0.035355, 0.079180, 0.032169
-0.365261, -0.064090, -0.044813, -0.365317, 0.300218, -0.155961, 0.430074, 0.176565, 0.155961, 0.289859, 0.010998, 0.188713, -0.327834
-0.028666, -0.319523, 0.010880, -0.077748, -0.152127, -0.267781, -0.643405, 0.199953, 0.267781, 0.184187, 0.051068, -0.239692, -0.460459
-0.581002, 0.179287, 0.087293, -0.255382, 0.274334, -0.679046, 0.340051, -0.086559, 0.679046, 0.033961, 0.622490, -0.153270, -0.107667
-0.163272, -0.229277, -0.497997, 0.260081, 1.087136, -0.513147, -1.051303, -0.090483, 0.513147, -0.408993, 0.187199, -0.385101, 0.509158
-0.071149, 0.114339, -0.108044, -0.069473, -0.028838, -0.572416, -0.152604, -0.138251, 0.572416, 0.205455, -0.131015, -0.158427, 0.101470
-0.069837, 0.117015, 0.304853, 0.126570, 0.069302, -0.320454, -0.075407, 0.154080, 0.320454, -0.135177, 0.115707, -0.031384, 0.042342
-0.137664, 0.186030, 0.097567, -0.117093, 0.044879, -0.156676, 0.121759, -0.016259, 0.156676, 0.211814, 0.074528, 0.120614, -0.091202
0.250350, 0.037356, 0.251560, 0.250234, 0.023261, -0.004365, 0.064740, -0.099159, 0.004365, -0.141838, 0.207268, 0.342390, 0.388279
-0.125021, 0.233534, 0.007909, 0.079899, -0.199062, -0.190022, -0.072373, -0.191951, 0.190022, -0.092051, -0.025236, -0.027314, 0.205518
0.216221, 0.192278, 0.286172, 0.458724, 0.071889, -0.040718, 0.594124, -0.135999, 0.040718, -0.390942, -0.004382, 0.369274, 0.571716
-0.034030, 0.273158, 0.186245, 0.094916, 0.120149, -0.161232, -0.056682, 0.146193, 0.161232, -0.145066, 0.111192, -0.049141, -0.087075
-0.081264, 0.168373, 0.223916, -0.017018, 0.081427, -0.120891, -0.081489, 0.129467, 0.120891, 0.021675, 0.116421, 0.028291, -0.065966
0.034730, 0.259390, 0.264135, 0.158049, 0.040908, -0.017966, -0.263535, 0.175680, 0.017966, -0.208144, 0.102340, 0.083585, -0.070167
0.315512, -0.180820, 0.122132, 0.293562, -0.144501, 0.252387, 0.751323, 0.554372, -0.252387, 0.264578, -0.166487, -0.045319, -0.188890
0.174751, 0.326660, -0.167552, -0.005738, 0.307239, 0.001420, -0.176534, 0.074088, -0.001420, 0.095134, 0.247192, -0.114874, -0.405844
-0.200111, 0.111947, -0.105663, -0.109509, 0.194203, -0.057568, -0.020350, 0.034036, 0.057568, 0.038664, -0.012580, -0.050278, -0.174688
-0.220204, 0.098377, -0.006073, -0.086771, 0.000807, -0.117058, 0.044845, -0.087876, 0.117058, 0.015393, 0.037009, 0.094026, 0.076728
-0.222242, 0.147943, -0.136824, -0.146413, 0.037872, -0.113445, 0.038539, -0.017171, 0.113445, 0.028395, 0.019602, 0.082612, -0.014563
-0.297003, -0.002632, 0.006070, -0.115310, 0.051795, -0.110758, -0.077117, -0.039765, 0.110758, -0.012261, -0.128672, 0.028616, 0.032770
0.648057, 0.040363, -0.717444, -0.055136, -0.020392, -0.341198, -0.172103, 0.617945, 0.341198, 0.257768, 1.312453, 0.774086, -0.236585
0.013855, 0.251637, 0.176341, 0.029717, 0.072826, -0.137367, -0.176127, 0.026807, 0.137367, -0.125210, 0.141855, -0.012861, 0.063301
-0.028871, 0.169748, 0.121642, 0.032681, 0.038322, -0.078206, -0.080351, 0.027672, 0.078206, -0.126956, 0.008298, 0.056442, -0.032265
0.064862, 0.290245, 0.205918, 0.175229, 0.028127, 0.025931, -0.330264, 0.156077, -0.025931, -0.381721, 0.003790, 0.115654, -0.025538
-0.863345, 0.047815, 0.099233, 0.977450, -0.215955, 0.159400, -0.482606, -0.706935, -0.159400, -1.170137, 0.094125, 0.028470, 0.434243
-0.389963, -0.164103, 0.088885, -0.317586, 0.537526, -0.138084, 0.123416, 0.019975, 0.138084, -0.007842, 0.065245, -0.201851, -0.084985
-0.135206, 0.020758, -0.124710, -0.159489, 0.167856, -0.173010, 0.008787, -0.065506, 0.173010, 0.090177, 0.090070, 0.057561, 0.051065
-0.019568, 0.262861, -0.023115, -0.245353, 0.640253, -0.148853, 0.070789, 0.092404, 0.148853, 0.017425, 0.065256, 0.087324, 0.055022
-0.005334, 0.014733, -0.283221, -0.036033, 0.307172, -0.000794, -0.162484, 0.049054, 0.000794, 0.221374, 0.166096, 0.041798, -0.114739
-0.191490, 0.071310, 0.039541, -0.007563, 0.008423, -0.130235, -0.025908, -0.121539, 0.130235, -0.100496, -0.185529, -0.039678, 0.073268
-0.129393, 0.137165, 0.001557, -0.077898, -0.095626, -0.161056, 0.033852, -0.050918, 0.161056, 0.010786, 0.049685, 0.094913, 0.028230
-0.179547, 0.108479, 0.028366, -0.052858, -0.004759, -0.126784, 0.002265, -0.075309, 0.126784, -0.014891, 0.038626, 0.075841, 0.075694
-0.167718, 0.047634, 0.042137, -0.139219, -0.004149, -0.161808, 0.079540, 0.019813, 0.161808, 0.030001, 0.041911, 0.107639, -0.033036
-0.069340, 0.212151, 0.064702, -0.025891, 0.102763, -0.123296, -0.019030, -0.010974, 0.123296, -0.007023, -0.009234, 0.069032, -0.150732
0.083136, 0.217619, 0.235397, 0.196930, 0.042754, 0.010432, -0.337603, 0.106633, -0.010432, -0.478521, -0.034389, 0.133430, 0.005374
-0.148697, -0.710497, -0.955807, 0.431131, 0.238020, 0.170962, 0.404270, -0.730127, -0.170962, -0.483089, 0.044285, 0.366914, 0.679347
-0.130039, 0.046533, -0.224888, -0.082791, 0.142594, -0.194930, -0.362989, -0.096316, 0.194930, -0.036538, -0.115428, -0.321656, 0.188689
-0.620104, 0.021532, -0.339660, -0.269985, 0.884152, -0.733986, 0.273261, -0.455443, 0.733986, 0.619453, 0.803961, -0.466349, 0.075822
-0.173276, 0.074310, 0.119410, -0.032314, 0.043042, -0.141308, 0.038158, -0.056433, 0.141308, -0.067277, 0.016830, 0.127202, 0.045119
-0.002228, 0.150834, -0.078013, 0.120121, -0.002050, -0.083829, 0.066615, 0.008813, 0.083829, -0.010246, 0.366559, 0.270763, -0.056896
0.107863, -0.042875, -0.460224, 0.423406, 0.021073, -0.194970, 0.022885, -0.141189, 0.194969, -0.297825, -0.041210, -0.392682, -0.170556
-0.125212, 0.028390, -0.079790, 0.001561, 0.044607, -0.068469, 0.003633, 0.005381, 0.068469, -0.063269, -0.016460, 0.011684, 0.064888
0.314958, -0.241634, -0.180224, 0.639822, 0.218077, 0.388552, -0.689110, -0.250266, -0.388552, -0.278903, 0.634398, -0.474776, -0.669757
-0.367128, 0.054512, -0.230422, -0.079011, 0.107252, 0.056304, 0.051761, -0.222844, -0.056304, -0.001613, 0.101343, 0.125591, 0.042311
-0.153091, 0.114504, 0.015877, -0.037116, -0.118182, -0.092814, 0.002552, -0.071547, 0.092814, -0.012840, 0.053940, 0.115719, 0.076283
-0.175380, 0.092977, 0.002809, -0.089495, 0.026375, -0.124832, 0.029929, -0.021884, 0.124832, -0.002807, 0.053186, 0.117285, 0.024988
-0.075816, -0.052489, 0.127781, -0.098187, 0.246195, -0.237002, -0.056541, -0.077798, 0.237002, -0.050346, 0.108442, 0.165704, 0.116483
-0.099240, 0.209598, -0.154457, -0.013170, 0.191599, -0.044837, 0.130800, -0.197649, 0.044837, 0.101237, 0.076111, 0.089400, 0.120769
