0.050160
0.020126
0.055983
0.066364
0.026336
0.038609
0.025693
0.063866
0.019139
0.029373
0.037988
0.037357
0.027031
0.011610
0.020106
0.012976
0.039156
0.022970
-0.002144
0.052154
0.012128
0.029014
0.036354
0.035218
2.982317
3.010507
-0.010283
3.067063
0.091162
0.032549
0.069239
3.054639
0.020077
0.000836
0.012455
0.021818
0.061635
0.014121
0.034801
0.053281
0.052278
-0.002546
0.034855
0.020840
0.030825
0.037891
0.021134
-0.014303
0.030686
0.035915
0.017758
0.015486
0.034702
0.027556
0.025566
-2.888626
0.021818
0.020840
-2.882072
0.030276
0.072066
0.039420
0.065575
0.028282
0.018838
0.055925
0.032504
0.027388
-2.864108
0.044182
0.034516
0.072411
0.041168
0.017490
-0.006699
0.012375
0.029047
0.022568
3.021932
-2.919650
0.016248
-2.876567
0.024090
-2.844289
-2.825263
0.053139
0.060539
0.030651
0.013793
0.017708
0.052358
0.057730
0.021411
0.033720
0.015835
-0.003073
0.029674
0.034056
-0.001578
0.014298
0.060191
0.046862
0.029121
0.025521
0.021110
0.032086
0.037357
0.026600
0.016331
0.024493
0.013528
0.020840
0.019852
0.000168
0.024493
0.000365
0.016053
3.001359
0.024986
0.049182
0.024493
0.018315
0.015189
0.049757
0.024090
0.018315
2.957844
0.045638
0.039384
0.054117
0.020513
0.036482
0.044470
0.019467
0.025898
-2.888145
0.005537
-2.857665
0.040566
-2.908071
3.025636
-2.858627
0.082031
2.965025
0.046508
0.019132
0.077175
0.018728
3.026981
0.017246
0.024090
0.017212
0.049753
0.053953
0.038817
0.017375
0.026474
0.062271
0.072446
0.069471
0.044085
0.024482
0.037053
-2.874147
0.038649
0.032950
-0.012238
-2.878696
0.024493
0.073344
0.016720
0.014205
0.024493
0.028745
0.024493
0.022724
0.019706
0.024493
0.024493
0.023191
0.012455
0.024493
0.024493
-2.836308
0.030254
0.007678
0.024493
0.020142
0.018761
0.015233
0.013754
0.048965
0.020265
-2.889334
0.017758
2.971875
2.979358
0.014548
0.038060
0.017014
0.054828
0.037236
0.049181
0.036802
2.946856
-0.010931
0.008680
0.005632
0.015524
0.065545
0.019139
0.026491
0.022752
0.022031
0.018838
0.020840
0.035762
0.024493
0.024493
0.044849
0.019658
0.044337
-2.889793
0.043714
0.039120
0.024986
0.069856
0.020840
0.020513
0.019706
0.030284
0.059013
0.014663
-2.920955
0.031181
0.024493
0.018838
0.029674
0.024493
0.024493
0.022784
0.004865
0.082612
0.025509
2.991723
0.024493
0.024493
-0.004252
0.024493
0.020840
0.024493
0.024493
0.024493
0.020840
0.024493
0.003511
0.024493
0.025391
0.036864
0.015189
0.044342
0.024493
0.018315
0.034678
0.024986
0.029741
0.003511
