0.667095, 1.452149, 1.573877
0.336667, 0.763540, 0.425755
0.191088, -0.066074, 0.677677
-0.858142, -0.945124, 0.073191
-0.094386, -1.036370, 0.217958
-0.488337, -0.894466, 0.168039
-1.197186, -0.203660, 0.516819
0.214760, 0.695515, 1.346766
0.977465, -0.638738, 0.105140
-0.629143, 1.660831, 0.619353
-0.240577, 1.107214, 1.106766
0.355008, 1.713706, -0.327767
0.528687, -0.777208, -0.378060
0.112897, 1.394338, 0.780473
-0.259890, 1.455256, 1.000690
-0.375709, -0.015731, 0.071712
-1.167243, 0.268441, -1.706278
0.054538, 0.679916, -1.447458
0.802704, 0.859397, 0.184581
-1.378592, 0.081778, -0.709037
0.216908, 1.212610, 0.177557
-2.345032, -0.075913, 0.080830
-1.459254, -0.389596, 1.464699
-0.694537, 1.068315, -1.149221
0.410469, 1.197193, -0.569750
-0.000074, 1.368319, -0.727323
-0.138226, -0.357465, -0.027606
-1.609227, 0.392695, 0.353381
0.037614, 1.669766, -0.337787
1.244824, -0.015865, 0.097434
-1.327776, 1.107375, 0.807102
-0.785895, 1.199778, -0.726551
-0.145663, -1.270628, -0.752754
0.072910, -0.378630, -0.015397
0.300238, -0.548537, 0.917817
0.537517, -1.174200, -0.089808
0.070210, -0.594816, -0.846947
1.237543, 0.253855, -0.144318
-1.543588, -0.222340, 1.116548
-1.024752, -1.520646, -0.061325
-0.388913, -1.456291, -1.114786
0.283883, -0.179673, -1.481119
-1.182648, -1.215541, -0.789035
1.326397, -0.294527, -0.117680
1.233091, -0.286191, -0.040571
0.357458, -1.001725, -0.230358
0.926896, -0.160511, -0.269625
-0.826190, -0.683657, 0.460353
0.523767, 1.441939, -0.350527
-1.093097, -0.012872, 1.585581
0.513105, -1.166087, 0.006301
0.804144, -0.910637, -0.030888
-0.857035, -1.475745, -1.331641
0.793736, 0.083543, -0.493548
0.357342, -0.511015, 0.373680
-1.785646, -0.133073, 0.241341
0.537517, -1.174200, -0.089808
1.326397, -0.294527, -0.117680
0.025075, -0.804695, -0.461241
0.032481, -0.891154, -1.321891
-1.493804, 0.600632, 0.305400
0.350846, 0.216127, -1.807450
-0.158544, 0.259854, -0.900384
-1.540487, -0.604022, 1.455746
1.267311, 0.063827, 0.110170
-1.464336, 0.904325, -1.424163
-0.157775, -1.085281, 0.444701
0.167960, 1.515310, 0.310830
-0.841381, 1.240973, 0.407837
-1.353179, -0.042504, -1.103725
-1.298848, -0.142976, -1.328744
-0.544560, -1.291930, -1.351445
-2.040146, 0.014196, 1.392397
0.057777, -0.363760, -0.075368
-0.180077, -0.801569, 0.231143
-0.470376, -1.292006, -0.882403
-1.089443, -1.389290, -1.239820
-0.891738, -0.049153, 1.235686
-1.908027, -0.113528, 0.136434
0.083271, -1.161257, -0.373242
-0.915015, -0.283802, 0.543271
-1.338498, -0.921945, -0.459691
0.246478, -1.429649, -0.052618
-2.769344, 0.308848, 0.229315
-1.542726, 1.364099, 0.679016
-2.793750, 0.150455, 0.024284
-1.692125, 0.275416, 0.533844
-0.584520, 0.731795, -1.605854
-0.913421, -0.545160, 0.556301
0.566231, -0.775048, -0.184811
-0.265467, -0.040053, 1.481256
-1.483451, -0.723901, 1.445063
0.686426, -0.894188, 0.142330
-0.329016, -0.593485, 0.449861
0.113066, 1.288338, -0.528704
-0.463673, -0.592576, 0.277360
0.466924, -0.266934, 0.873587
-1.193440, 0.227229, -1.235779
-0.729467, -1.623828, -0.215303
-1.764871, -0.005988, -1.103132
-0.802635, 1.070954, -1.303144
-0.588577, -1.492810, 1.210429
-0.397086, 0.882540, 0.278411
0.764232, -0.226269, 0.269853
0.976272, -0.191622, 0.147360
0.354241, -0.129333, 0.034482
0.355008, 1.713706, -0.327767
0.616031, 1.146024, 0.480765
-0.020771, 1.065177, 0.910380
1.499718, -0.022628, 0.018349
0.401466, 1.153503, 0.868226
1.326397, -0.294527, -0.117680
0.572227, 0.775405, 0.535447
0.978451, -0.077967, 0.522781
1.499718, -0.022628, 0.018349
0.034976, -0.117679, 0.587639
0.903842, -0.291348, 0.633383
-0.058544, 1.760576, -1.014680
0.655262, 1.422092, 0.139923
-0.251318, 0.588220, -1.139953
1.499718, -0.022628, 0.018349
0.824021, 1.150324, 0.117163
0.226978, 1.318900, -0.602108
-1.920336, 0.045128, 1.502910
0.246478, -1.429649, -0.052618
0.824021, 1.150324, 0.117163
0.390805, -0.380225, 0.646114
-0.033825, 0.268994, 0.257917
0.484707, 0.183977, 0.127103
-0.883255, 0.949442, -1.203087
1.225649, -0.341879, 0.024543
0.619406, 0.048625, 0.304771
-0.616377, -0.993790, 0.313715
1.078213, -0.591387, -0.037082
0.101212, 1.445118, 0.400536
-0.641217, -0.745283, -1.004495
-0.750482, 0.378141, 0.111380
-1.234103, 0.627296, 0.513801
-0.662099, -1.408264, 0.784289
0.197960, -1.231262, -0.291845
-1.789686, -1.061107, 0.226733
-0.872153, -0.506448, -0.963114
-2.647991, 0.314401, -0.390550
-1.398686, 0.643405, 0.812058
-0.840416, 1.180250, 1.437849
0.761289, -0.869227, -0.074296
-1.170977, -0.175499, -0.475300
-0.385431, -1.209177, -0.112742
-2.033362, 0.557519, 0.135139
-0.776848, 0.902380, 1.148684
0.246478, -1.429649, -0.052618
1.071869, -0.082683, 0.708208
-0.891290, -0.011440, -0.879943
-1.313515, 0.484096, -1.503517
-0.177175, -1.151118, 0.049227
0.631485, -0.661282, -0.918631
0.074998, -0.966655, 1.099682
-0.066663, 1.797735, -0.260442
-2.924602, 0.156631, -0.091857
-2.646653, 0.280705, -1.073951
0.484729, -0.178458, -0.025598
-1.660575, -0.511580, -0.497770
-1.076357, 0.059524, -0.145005
-1.021506, -1.188940, 0.859577
0.523952, 0.064508, 0.508196
-0.336112, -0.418460, 0.240331
0.144188, -1.006749, -1.208377
0.332345, -0.866190, -0.769688
1.499718, -0.022628, 0.018349
-0.461680, 1.356257, -0.462567
-1.400982, 0.548464, 1.377759
-0.097569, 0.976396, 0.901128
1.499718, -0.022628, 0.018349
-0.216041, -1.222105, 1.136872
1.499718, -0.022628, 0.018349
0.735084, -0.019580, 0.656144
1.077163, -0.019449, 0.769412
1.499718, -0.022628, 0.018349
1.499718, -0.022628, 0.018349
0.894075, 1.018169, 0.098957
0.300238, -0.548537, 0.917817
1.499718, -0.022628, 0.018349
1.499718, -0.022628, 0.018349
0.065722, 1.060092, -1.000278
-0.232291, -0.090661, 0.505411
-0.181562, 0.230575, 1.040695
1.499718, -0.022628, 0.018349
0.341626, -0.703093, 1.158601
-0.122734, -1.230441, 1.059763
0.010729, 0.278764, 0.241144
0.682756, -0.344382, -0.315809
0.523355, -0.630782, 0.393811
-0.070813, -0.584913, 1.112882
-0.638548, -0.789390, -0.060105
0.513105, -1.166087, 0.006301
-0.159184, -1.458136, -0.209809
0.693376, -0.145365, -0.818998
-1.272655, 0.998555, -1.408144
-1.028762, 1.781414, -0.732478
0.110003, 0.295612, -0.071590
0.049674, -0.608901, -1.270195
-1.943745, -0.817228, 0.269665
-1.245090, -1.224928, -1.476479
-0.470936, -1.215341, 1.215957
1.119951, -0.324207, -0.484456
-1.010009, 0.003181, -0.653412
0.317544, 0.917529, 0.215179
0.212809, -0.853279, -1.143468
0.085507, 1.125920, -0.179752
-0.280382, 1.687064, -1.389935
0.977465, -0.638738, 0.105140
0.937289, 0.545470, -0.612008
0.816539, -0.119057, -0.644598
0.168966, -0.453737, 0.270859
1.267311, 0.063827, 0.110170
1.326397, -0.294527, -0.117680
-1.089612, 0.061548, 0.802506
1.499718, -0.022628, 0.018349
1.499718, -0.022628, 0.018349
-0.547121, 1.419881, -1.711390
-1.429492, -1.408547, -0.872813
-1.090954, -0.047959, 1.445272
-1.723078, 0.487932, -0.599240
-1.974468, -0.186941, -0.094002
0.691924, 0.818396, 0.155086
0.655262, 1.422092, 0.139923
-1.254593, 0.188942, 1.664414
1.326397, -0.294527, -0.117680
1.225649, -0.341879, 0.024543
1.077163, -0.019449, 0.769412
1.286434, -0.090162, 0.320747
0.597700, -0.312833, -1.102739
0.650700, 0.878425, -0.018865
0.771403, -0.328936, -0.258891
0.747211, -0.642471, 0.438534
1.499718, -0.022628, 0.018349
1.267311, 0.063827, 0.110170
0.466924, -0.266934, 0.873587
1.499718, -0.022628, 0.018349
1.499718, -0.022628, 0.018349
0.934610, -0.597328, 0.061732
0.222415, 0.775233, -0.760897
1.136965, 0.218283, -0.538447
1.098553, 0.335595, 0.132930
-1.386197, 0.790285, 0.110995
1.499718, -0.022628, 0.018349
1.499718, -0.022628, 0.018349
0.890505, 0.900194, -0.138272
1.499718, -0.022628, 0.018349
1.326397, -0.294527, -0.117680
1.499718, -0.022628, 0.018349
1.499718, -0.022628, 0.018349
1.499718, -0.022628, 0.018349
1.326397, -0.294527, -0.117680
1.499718, -0.022628, 0.018349
1.035111, 0.772942, 0.092759
1.499718, -0.022628, 0.018349
0.960495, -0.574937, 0.136136
1.199464, 0.268986, -0.449342
0.226978, 1.318900, -0.602108
-0.030104, -0.376446, 0.148781
1.499718, -0.022628, 0.018349
0.824021, 1.150324, 0.117163
-0.155348, 1.676088, 0.746149
0.655262, 1.422092, 0.139923
-0.354897, -1.307814, -0.209247
1.035111, 0.772942, 0.092759
