-0.667095
0.336667
0.191088
-0.858142
-0.094386
-0.488337
-1.197186
0.214760
0.977465
-0.629143
-0.240577
0.355008
0.528687
0.112897
-0.259890
-0.375709
-1.167243
0.054538
0.802704
-1.378592
0.216908
-2.345032
-1.459254
-0.694537
0.410469
-0.000074
-0.138226
-1.609227
0.037614
1.244824
-1.327776
-0.785895
-0.145663
0.072910
0.300238
0.537517
0.070210
1.237543
-1.543588
-1.024752
-0.388913
0.283883
-1.182648
1.326397
1.233091
0.357458
0.926896
-0.826190
0.523767
-1.093097
0.513105
0.804144
-0.857035
0.793736
0.357342
-1.785646
0.537517
1.326397
0.025075
0.032481
-1.493804
0.350846
-0.158544
-1.540487
1.267311
-1.464336
-0.157775
0.167960
-0.841381
-1.353179
-1.298848
-0.544560
-2.040146
0.057777
-0.180077
-0.470376
-1.089443
-0.891738
-1.908027
0.083271
-0.915015
-1.338498
0.246478
-2.769344
-1.542726
-2.793750
-1.692125
-0.584520
-0.913421
0.566231
-0.265467
-1.483451
0.686426
-0.329016
0.113066
-0.463673
0.466924
-1.193440
-0.729467
-1.764871
-0.802635
-0.588577
-0.397086
0.764232
0.976272
0.354241
0.355008
0.616031
-0.020771
1.499718
0.401466
1.326397
0.572227
0.978451
1.499718
0.034976
0.903842
-0.058544
0.655262
-0.251318
1.499718
0.824021
0.226978
-1.920336
0.246478
0.824021
0.390805
-0.033825
0.484707
-0.883255
1.225649
0.619406
-0.616377
1.078213
0.101212
-0.641217
-0.750482
-1.234103
-0.662099
0.197960
-1.789686
-0.872153
-2.647991
-1.398686
-0.840416
0.761289
-1.170977
-0.385431
-2.033362
-0.776848
0.246478
1.071869
-0.891290
-1.313515
-0.177175
0.631485
0.074998
-0.066663
-2.924602
-2.646653
0.484729
-1.660575
-1.076357
-1.021506
0.523952
-0.336112
0.144188
0.332345
1.499718
-0.461680
-1.400982
-0.097569
1.499718
-0.216041
1.499718
0.735084
1.077163
1.499718
1.499718
0.894075
0.300238
1.499718
1.499718
0.065722
-0.232291
-0.181562
1.499718
0.341626
-0.122734
0.010729
0.682756
0.523355
-0.070813
-0.638548
0.513105
-0.159184
0.693376
-1.272655
-1.028762
0.110003
0.049674
-1.943745
-1.245090
-0.470936
1.119951
-1.010009
0.317544
0.212809
0.085507
-0.280382
0.977465
0.937289
0.816539
0.168966
1.267311
1.326397
-1.089612
1.499718
1.499718
-0.547121
-1.429492
-1.090954
-1.723078
-1.974468
0.691924
0.655262
-1.254593
1.326397
1.225649
1.077163
1.286434
0.597700
0.650700
0.771403
0.747211
1.499718
1.267311
0.466924
1.499718
1.499718
0.934610
0.222415
1.136965
1.098553
-1.386197
1.499718
1.499718
0.890505
1.499718
1.326397
1.499718
1.499718
1.499718
1.326397
1.499718
1.035111
1.499718
0.960495
1.199464
0.226978
-0.030104
1.499718
0.824021
-0.155348
0.655262
-0.354897
1.035111
